#energyBin lgMinEnergy lgMaxEnergy x1 ex1 x2 ex2 l1 el1 l2 el2
 0 17.8 17.9   5.861e+02   5.707e+00   8.813e+02   7.850e+00   1.087e+02   1.680e+01   9.486e+01   6.850e+00
 1 17.9 18.0   5.923e+02   8.530e+00   8.831e+02   7.949e+00   1.334e+02   1.739e+01   1.009e+02   6.949e+00
 2 18.0 18.1   5.973e+02   1.140e+01   8.849e+02   8.048e+00   1.578e+02   1.877e+01   1.069e+02   7.048e+00
 3 18.1 18.2   6.011e+02   1.433e+01   8.867e+02   8.148e+00   1.821e+02   2.094e+01   1.130e+02   7.148e+00
 4 18.2 18.3   6.037e+02   1.728e+01   8.885e+02   8.247e+00   2.060e+02   2.390e+01   1.191e+02   7.247e+00
 5 18.3 18.4   6.051e+02   2.034e+01   8.903e+02   8.348e+00   2.299e+02   2.772e+01   1.253e+02   7.348e+00
 6 18.4 18.5   6.053e+02   2.337e+01   8.921e+02   8.447e+00   2.531e+02   3.227e+01   1.313e+02   7.447e+00
 7 18.5 18.6   6.042e+02   2.650e+01   8.940e+02   8.548e+00   2.764e+02   3.770e+01   1.375e+02   7.548e+00
 8 18.6 18.7   6.020e+02   2.958e+01   8.958e+02   8.646e+00   2.986e+02   4.376e+01   1.435e+02   7.646e+00
 9 18.7 18.8   5.985e+02   3.279e+01   8.976e+02   8.747e+00   3.212e+02   5.080e+01   1.497e+02   7.747e+00
10 18.8 18.9   5.938e+02   3.606e+01   8.995e+02   8.849e+00   3.436e+02   5.871e+01   1.559e+02   7.849e+00
11 18.9 19.0   5.880e+02   3.926e+01   9.012e+02   8.947e+00   3.649e+02   6.715e+01   1.619e+02   7.947e+00
12 19.0 19.1   5.808e+02   4.260e+01   9.031e+02   9.048e+00   3.865e+02   7.664e+01   1.681e+02   8.048e+00
13 19.1 19.2   5.729e+02   4.579e+01   9.048e+02   9.144e+00   4.065e+02   8.634e+01   1.739e+02   8.144e+00
14 19.2 19.3   5.631e+02   4.928e+01   9.067e+02   9.247e+00   4.279e+02   9.767e+01   1.802e+02   8.247e+00
15 19.3 19.4   5.531e+02   5.246e+01   9.084e+02   9.340e+00   4.469e+02   1.086e+02   1.859e+02   8.340e+00
16 19.4 19.5   5.404e+02   5.614e+01   9.103e+02   9.447e+00   4.682e+02   1.220e+02   1.924e+02   8.447e+00
17 19.5 20.0   5.169e+02   6.222e+01   9.135e+02   9.620e+00   5.020e+02   1.456e+02   2.030e+02   8.620e+00
