3.001120e+02
3.001080e+02
3.001040e+02
3.001000e+02
3.000960e+02
3.000920e+02
3.000880e+02
3.000840e+02
3.000800e+02
3.000760e+02
3.000720e+02
3.000680e+02
3.000640e+02
3.000600e+02
3.000560e+02
3.000520e+02
3.000480e+02
3.000440e+02
3.000400e+02
3.000360e+02
3.000320e+02
3.000280e+02
3.000240e+02
3.000200e+02
3.000160e+02
3.000120e+02
3.000080e+02
3.000040e+02
3.000000e+02
2.999960e+02
2.999920e+02
2.999880e+02
2.999840e+02
2.999800e+02
2.999760e+02
2.999720e+02
2.999680e+02
2.999640e+02
2.999600e+02
2.999560e+02
2.999520e+02
2.999480e+02
2.999440e+02
2.999400e+02
2.999360e+02
2.999320e+02
2.999280e+02
2.999240e+02
2.999200e+02
2.999160e+02
2.999120e+02
2.999080e+02
2.999040e+02
2.999000e+02
2.998960e+02
2.998920e+02
2.998880e+02
3.001120e+02
3.001080e+02
3.001040e+02
3.001000e+02
3.000960e+02
3.000920e+02
3.000880e+02
3.000840e+02
3.000800e+02
3.000760e+02
3.000720e+02
3.000680e+02
3.000640e+02
3.000600e+02
3.000560e+02
3.000520e+02
3.000480e+02
3.000440e+02
3.000400e+02
3.000360e+02
3.000320e+02
3.000280e+02
3.000240e+02
3.000200e+02
3.000160e+02
3.000120e+02
3.000080e+02
3.000040e+02
3.000000e+02
2.999960e+02
2.999920e+02
2.999880e+02
2.999840e+02
2.999800e+02
2.999760e+02
2.999720e+02
2.999680e+02
2.999640e+02
2.999600e+02
2.999560e+02
2.999520e+02
2.999480e+02
2.999440e+02
2.999400e+02
2.999360e+02
2.999320e+02
2.999280e+02
2.999240e+02
2.999200e+02
2.999160e+02
2.999120e+02
2.999080e+02
2.999040e+02
2.999000e+02
2.998960e+02
2.998920e+02
2.998880e+02
3.001120e+02
3.001080e+02
3.001040e+02
3.001000e+02
3.000960e+02
3.000920e+02
3.000880e+02
3.000840e+02
3.000800e+02
3.000760e+02
3.000720e+02
3.000680e+02
3.000640e+02
3.000600e+02
3.000560e+02
3.000520e+02
3.000480e+02
3.000440e+02
3.000400e+02
3.000360e+02
3.000320e+02
3.000280e+02
3.000240e+02
3.000200e+02
3.000160e+02
3.000120e+02
3.000080e+02
3.000040e+02
3.000000e+02
2.999960e+02
2.999920e+02
2.999880e+02
2.999840e+02
2.999800e+02
2.999760e+02
2.999720e+02
2.999680e+02
2.999640e+02
2.999600e+02
2.999560e+02
2.999520e+02
2.999480e+02
2.999440e+02
2.999400e+02
2.999360e+02
2.999320e+02
2.999280e+02
2.999240e+02
2.999200e+02
2.999160e+02
2.999120e+02
2.999080e+02
2.999040e+02
2.999000e+02
2.998960e+02
2.998920e+02
2.998880e+02
3.001120e+02
3.001080e+02
3.001040e+02
3.001000e+02
3.000960e+02
3.000920e+02
3.000880e+02
3.000840e+02
3.000800e+02
3.000760e+02
3.000720e+02
3.000680e+02
3.000640e+02
3.000600e+02
3.000560e+02
3.000520e+02
3.000480e+02
3.000440e+02
3.000400e+02
3.000360e+02
3.000320e+02
3.000280e+02
3.000240e+02
3.000200e+02
3.000160e+02
3.000120e+02
3.000080e+02
3.000040e+02
3.000000e+02
2.999960e+02
2.999920e+02
2.999880e+02
2.999840e+02
2.999800e+02
2.999760e+02
2.999720e+02
2.999680e+02
2.999640e+02
2.999600e+02
2.999560e+02
2.999520e+02
2.999480e+02
2.999440e+02
2.999400e+02
2.999360e+02
2.999320e+02
2.999280e+02
2.999240e+02
2.999200e+02
2.999160e+02
2.999120e+02
2.999080e+02
2.999040e+02
2.999000e+02
2.998960e+02
2.998920e+02
2.998880e+02
3.001120e+02
3.001080e+02
3.001040e+02
3.001000e+02
3.000960e+02
3.000920e+02
3.000880e+02
3.000840e+02
3.000800e+02
3.000760e+02
3.000720e+02
3.000680e+02
3.000640e+02
3.000600e+02
3.000560e+02
3.000520e+02
3.000480e+02
3.000440e+02
3.000400e+02
3.000360e+02
3.000320e+02
3.000280e+02
3.000240e+02
3.000200e+02
3.000160e+02
3.000120e+02
3.000080e+02
3.000040e+02
3.000000e+02
2.999960e+02
2.999920e+02
2.999880e+02
2.999840e+02
2.999800e+02
2.999760e+02
2.999720e+02
2.999680e+02
2.999640e+02
2.999600e+02
2.999560e+02
2.999520e+02
2.999480e+02
2.999440e+02
2.999400e+02
2.999360e+02
2.999320e+02
2.999280e+02
2.999240e+02
2.999200e+02
2.999160e+02
2.999120e+02
2.999080e+02
2.999040e+02
2.999000e+02
2.998960e+02
2.998920e+02
2.998880e+02
3.001120e+02
3.001080e+02
3.001040e+02
3.001000e+02
3.000960e+02
3.000920e+02
3.000880e+02
3.000840e+02
3.000800e+02
3.000760e+02
3.000720e+02
3.000680e+02
3.000640e+02
3.000600e+02
3.000560e+02
3.000520e+02
3.000480e+02
3.000440e+02
3.000400e+02
3.000360e+02
3.000320e+02
3.000280e+02
3.000240e+02
3.000200e+02
3.000160e+02
3.000120e+02
3.000080e+02
3.000040e+02
3.000000e+02
2.999960e+02
2.999920e+02
2.999880e+02
2.999840e+02
2.999800e+02
2.999760e+02
2.999720e+02
2.999680e+02
2.999640e+02
2.999600e+02
2.999560e+02
2.999520e+02
2.999480e+02
2.999440e+02
2.999400e+02
2.999360e+02
2.999320e+02
2.999280e+02
2.999240e+02
2.999200e+02
2.999160e+02
2.999120e+02
2.999080e+02
2.999040e+02
2.999000e+02
2.998960e+02
2.998920e+02
2.998880e+02
3.001120e+02
3.001080e+02
3.001040e+02
3.001000e+02
3.000960e+02
3.000920e+02
3.000880e+02
3.000840e+02
3.000800e+02
3.000760e+02
3.000720e+02
3.000680e+02
3.000640e+02
3.000600e+02
3.000560e+02
3.000520e+02
3.000480e+02
3.000440e+02
3.000400e+02
3.000360e+02
3.000320e+02
3.000280e+02
3.000240e+02
3.000200e+02
3.000160e+02
3.000120e+02
3.000080e+02
3.000040e+02
3.000000e+02
2.999960e+02
2.999920e+02
2.999880e+02
2.999840e+02
2.999800e+02
2.999760e+02
2.999720e+02
2.999680e+02
2.999640e+02
2.999600e+02
2.999560e+02
2.999520e+02
2.999480e+02
2.999440e+02
2.999400e+02
2.999360e+02
2.999320e+02
2.999280e+02
2.999240e+02
2.999200e+02
2.999160e+02
2.999120e+02
2.999080e+02
2.999040e+02
2.999000e+02
2.998960e+02
2.998920e+02
2.998880e+02
3.001120e+02
3.001080e+02
3.001040e+02
3.001000e+02
3.000960e+02
3.000920e+02
3.000880e+02
3.000840e+02
3.000800e+02
3.000760e+02
3.000720e+02
3.000680e+02
3.000640e+02
3.000600e+02
3.000560e+02
3.000520e+02
3.000480e+02
3.000440e+02
3.000400e+02
3.000360e+02
3.000320e+02
3.000280e+02
3.000240e+02
3.000200e+02
3.000160e+02
3.000120e+02
3.000080e+02
3.000040e+02
3.000000e+02
2.999960e+02
2.999920e+02
2.999880e+02
2.999840e+02
2.999800e+02
2.999760e+02
2.999720e+02
2.999680e+02
2.999640e+02
2.999600e+02
2.999560e+02
2.999520e+02
2.999480e+02
2.999440e+02
2.999400e+02
2.999360e+02
2.999320e+02
2.999280e+02
2.999240e+02
2.999200e+02
2.999160e+02
2.999120e+02
2.999080e+02
2.999040e+02
2.999000e+02
2.998960e+02
2.998920e+02
2.998880e+02
3.001120e+02
3.001080e+02
3.001040e+02
3.001000e+02
3.000960e+02
3.000920e+02
3.000880e+02
3.000840e+02
3.000800e+02
3.000760e+02
3.000720e+02
3.000680e+02
3.000640e+02
3.000600e+02
3.000560e+02
3.000520e+02
3.000480e+02
3.000440e+02
3.000400e+02
3.000360e+02
3.000320e+02
3.000280e+02
3.000240e+02
3.000200e+02
3.000160e+02
3.000120e+02
3.000080e+02
3.000040e+02
3.000000e+02
2.999960e+02
2.999920e+02
2.999880e+02
2.999840e+02
2.999800e+02
2.999760e+02
2.999720e+02
2.999680e+02
2.999640e+02
2.999600e+02
2.999560e+02
2.999520e+02
2.999480e+02
2.999440e+02
2.999400e+02
2.999360e+02
2.999320e+02
2.999280e+02
2.999240e+02
2.999200e+02
2.999160e+02
2.999120e+02
2.999080e+02
2.999040e+02
2.999000e+02
2.998960e+02
2.998920e+02
2.998880e+02
3.001120e+02
3.001080e+02
3.001040e+02
3.001000e+02
3.000960e+02
3.000920e+02
3.000880e+02
3.000840e+02
3.000800e+02
3.000760e+02
3.000720e+02
3.000680e+02
3.000640e+02
3.000600e+02
3.000560e+02
3.000520e+02
3.000480e+02
3.000440e+02
3.000400e+02
3.000360e+02
3.000320e+02
3.000280e+02
3.000240e+02
3.000200e+02
3.000160e+02
3.000120e+02
3.000080e+02
3.000040e+02
3.000000e+02
2.999960e+02
2.999920e+02
2.999880e+02
2.999840e+02
2.999800e+02
2.999760e+02
2.999720e+02
2.999680e+02
2.999640e+02
2.999600e+02
2.999560e+02
2.999520e+02
2.999480e+02
2.999440e+02
2.999400e+02
2.999360e+02
2.999320e+02
2.999280e+02
2.999240e+02
2.999200e+02
2.999160e+02
2.999120e+02
2.999080e+02
2.999040e+02
2.999000e+02
2.998960e+02
2.998920e+02
2.998880e+02
3.001120e+02
3.001080e+02
3.001040e+02
3.001000e+02
3.000960e+02
3.000920e+02
3.000880e+02
3.000840e+02
3.000800e+02
3.000760e+02
3.000720e+02
3.000680e+02
3.000640e+02
3.000600e+02
3.000560e+02
3.000520e+02
3.000480e+02
3.000440e+02
3.000400e+02
3.000360e+02
3.000320e+02
3.000280e+02
3.000240e+02
3.000200e+02
3.000160e+02
3.000120e+02
3.000080e+02
3.000040e+02
3.000000e+02
2.999960e+02
2.999920e+02
2.999880e+02
2.999840e+02
2.999800e+02
2.999760e+02
2.999720e+02
2.999680e+02
2.999640e+02
2.999600e+02
2.999560e+02
2.999520e+02
2.999480e+02
2.999440e+02
2.999400e+02
2.999360e+02
2.999320e+02
2.999280e+02
2.999240e+02
2.999200e+02
2.999160e+02
2.999120e+02
2.999080e+02
2.999040e+02
2.999000e+02
2.998960e+02
2.998920e+02
2.998880e+02
3.001120e+02
3.001080e+02
3.001040e+02
3.001000e+02
3.000960e+02
3.000920e+02
3.000880e+02
3.000840e+02
3.000800e+02
3.000760e+02
3.000720e+02
3.000680e+02
3.000640e+02
3.000600e+02
3.000560e+02
3.000520e+02
3.000480e+02
3.000440e+02
3.000400e+02
3.000360e+02
3.000320e+02
3.000280e+02
3.000240e+02
3.000200e+02
3.000160e+02
3.000120e+02
3.000080e+02
3.000040e+02
3.000000e+02
2.999960e+02
2.999920e+02
2.999880e+02
2.999840e+02
2.999800e+02
2.999760e+02
2.999720e+02
2.999680e+02
2.999640e+02
2.999600e+02
2.999560e+02
2.999520e+02
2.999480e+02
2.999440e+02
2.999400e+02
2.999360e+02
2.999320e+02
2.999280e+02
2.999240e+02
2.999200e+02
2.999160e+02
2.999120e+02
2.999080e+02
2.999040e+02
2.999000e+02
2.998960e+02
2.998920e+02
2.998880e+02
3.001120e+02
3.001080e+02
3.001040e+02
3.001000e+02
3.000960e+02
3.000920e+02
3.000880e+02
3.000840e+02
3.000800e+02
3.000760e+02
3.000720e+02
3.000680e+02
3.000640e+02
3.000600e+02
3.000560e+02
3.000520e+02
3.000480e+02
3.000440e+02
3.000400e+02
3.000360e+02
3.000320e+02
3.000280e+02
3.000240e+02
3.000200e+02
3.000160e+02
3.000120e+02
3.000080e+02
3.000040e+02
3.000000e+02
2.999960e+02
2.999920e+02
2.999880e+02
2.999840e+02
2.999800e+02
2.999760e+02
2.999720e+02
2.999680e+02
2.999640e+02
2.999600e+02
2.999560e+02
2.999520e+02
2.999480e+02
2.999440e+02
2.999400e+02
2.999360e+02
2.999320e+02
2.999280e+02
2.999240e+02
2.999200e+02
2.999160e+02
2.999120e+02
2.999080e+02
2.999040e+02
2.999000e+02
2.998960e+02
2.998920e+02
2.998880e+02
3.001120e+02
3.001080e+02
3.001040e+02
3.001000e+02
3.000960e+02
3.000920e+02
3.000880e+02
3.000840e+02
3.000800e+02
3.000760e+02
3.000720e+02
3.000680e+02
3.000640e+02
3.000600e+02
3.000560e+02
3.000520e+02
3.000480e+02
3.000440e+02
3.000400e+02
3.000360e+02
3.000320e+02
3.000280e+02
3.000240e+02
3.000200e+02
3.000160e+02
3.000120e+02
3.000080e+02
3.000040e+02
3.000000e+02
2.999960e+02
2.999920e+02
2.999880e+02
2.999840e+02
2.999800e+02
2.999760e+02
2.999720e+02
2.999680e+02
2.999640e+02
2.999600e+02
2.999560e+02
2.999520e+02
2.999480e+02
2.999440e+02
2.999400e+02
2.999360e+02
2.999320e+02
2.999280e+02
2.999240e+02
2.999200e+02
2.999160e+02
2.999120e+02
2.999080e+02
2.999040e+02
2.999000e+02
2.998960e+02
2.998920e+02
2.998880e+02
3.001120e+02
3.001080e+02
3.001040e+02
3.001000e+02
3.000960e+02
3.000920e+02
3.000880e+02
3.000840e+02
3.000800e+02
3.000760e+02
3.000720e+02
3.000680e+02
3.000640e+02
3.000600e+02
3.000560e+02
3.000520e+02
3.000480e+02
3.000440e+02
3.000400e+02
3.000360e+02
3.000320e+02
3.000280e+02
3.000240e+02
3.000200e+02
3.000160e+02
3.000120e+02
3.000080e+02
3.000040e+02
3.000000e+02
2.999960e+02
2.999920e+02
2.999880e+02
2.999840e+02
2.999800e+02
2.999760e+02
2.999720e+02
2.999680e+02
2.999640e+02
2.999600e+02
2.999560e+02
2.999520e+02
2.999480e+02
2.999440e+02
2.999400e+02
2.999360e+02
2.999320e+02
2.999280e+02
2.999240e+02
2.999200e+02
2.999160e+02
2.999120e+02
2.999080e+02
2.999040e+02
2.999000e+02
2.998960e+02
2.998920e+02
2.998880e+02
3.001120e+02
3.001080e+02
3.001040e+02
3.001000e+02
3.000960e+02
3.000920e+02
3.000880e+02
3.000840e+02
3.000800e+02
3.000760e+02
3.000720e+02
3.000680e+02
3.000640e+02
3.000600e+02
3.000560e+02
3.000520e+02
3.000480e+02
3.000440e+02
3.000400e+02
3.000360e+02
3.000320e+02
3.000280e+02
3.000240e+02
3.000200e+02
3.000160e+02
3.000120e+02
3.000080e+02
3.000040e+02
3.000000e+02
2.999960e+02
2.999920e+02
2.999880e+02
2.999840e+02
2.999800e+02
2.999760e+02
2.999720e+02
2.999680e+02
2.999640e+02
2.999600e+02
2.999560e+02
2.999520e+02
2.999480e+02
2.999440e+02
2.999400e+02
2.999360e+02
2.999320e+02
2.999280e+02
2.999240e+02
2.999200e+02
2.999160e+02
2.999120e+02
2.999080e+02
2.999040e+02
2.999000e+02
2.998960e+02
2.998920e+02
2.998880e+02
3.001120e+02
3.001080e+02
3.001040e+02
3.001000e+02
3.000960e+02
3.000920e+02
3.000880e+02
3.000840e+02
3.000800e+02
3.000760e+02
3.000720e+02
3.000680e+02
3.000640e+02
3.000600e+02
3.000560e+02
3.000520e+02
3.000480e+02
3.000440e+02
3.000400e+02
3.000360e+02
3.000320e+02
3.000280e+02
3.000240e+02
3.000200e+02
3.000160e+02
3.000120e+02
3.000080e+02
3.000040e+02
3.000000e+02
2.999960e+02
2.999920e+02
2.999880e+02
2.999840e+02
2.999800e+02
2.999760e+02
2.999720e+02
2.999680e+02
2.999640e+02
2.999600e+02
2.999560e+02
2.999520e+02
2.999480e+02
2.999440e+02
2.999400e+02
2.999360e+02
2.999320e+02
2.999280e+02
2.999240e+02
2.999200e+02
2.999160e+02
2.999120e+02
2.999080e+02
2.999040e+02
2.999000e+02
2.998960e+02
2.998920e+02
2.998880e+02
3.001120e+02
3.001080e+02
3.001040e+02
3.001000e+02
3.000960e+02
3.000920e+02
3.000880e+02
3.000840e+02
3.000800e+02
3.000760e+02
3.000720e+02
3.000680e+02
3.000640e+02
3.000600e+02
3.000560e+02
3.000520e+02
3.000480e+02
3.000440e+02
3.000400e+02
3.000360e+02
3.000320e+02
3.000280e+02
3.000240e+02
3.000200e+02
3.000160e+02
3.000120e+02
3.000080e+02
3.000040e+02
3.000000e+02
2.999960e+02
2.999920e+02
2.999880e+02
2.999840e+02
2.999800e+02
2.999760e+02
2.999720e+02
2.999680e+02
2.999640e+02
2.999600e+02
2.999560e+02
2.999520e+02
2.999480e+02
2.999440e+02
2.999400e+02
2.999360e+02
2.999320e+02
2.999280e+02
2.999240e+02
2.999200e+02
2.999160e+02
2.999120e+02
2.999080e+02
2.999040e+02
2.999000e+02
2.998960e+02
2.998920e+02
2.998880e+02
3.001120e+02
3.001080e+02
3.001040e+02
3.001000e+02
3.000960e+02
3.000920e+02
3.000880e+02
3.000840e+02
3.000800e+02
3.000760e+02
3.000720e+02
3.000680e+02
3.000640e+02
3.000600e+02
3.000560e+02
3.000520e+02
3.000480e+02
3.000440e+02
3.000400e+02
3.000360e+02
3.000320e+02
3.000280e+02
3.000240e+02
3.000200e+02
3.000160e+02
3.000120e+02
3.000080e+02
3.000040e+02
3.000000e+02
2.999960e+02
2.999920e+02
2.999880e+02
2.999840e+02
2.999800e+02
2.999760e+02
2.999720e+02
2.999680e+02
2.999640e+02
2.999600e+02
2.999560e+02
2.999520e+02
2.999480e+02
2.999440e+02
2.999400e+02
2.999360e+02
2.999320e+02
2.999280e+02
2.999240e+02
2.999200e+02
2.999160e+02
2.999120e+02
2.999080e+02
2.999040e+02
2.999000e+02
2.998960e+02
2.998920e+02
2.998880e+02
3.001120e+02
3.001080e+02
3.001040e+02
3.001000e+02
3.000960e+02
3.000920e+02
3.000880e+02
3.000840e+02
3.000800e+02
3.000760e+02
3.000720e+02
3.000680e+02
3.000640e+02
3.000600e+02
3.000560e+02
3.000520e+02
3.000480e+02
3.000440e+02
3.000400e+02
3.000360e+02
3.000320e+02
3.000280e+02
3.000240e+02
3.000200e+02
3.000160e+02
3.000120e+02
3.000080e+02
3.000040e+02
3.000000e+02
2.999960e+02
2.999920e+02
2.999880e+02
2.999840e+02
2.999800e+02
2.999760e+02
2.999720e+02
2.999680e+02
2.999640e+02
2.999600e+02
2.999560e+02
2.999520e+02
2.999480e+02
2.999440e+02
2.999400e+02
2.999360e+02
2.999320e+02
2.999280e+02
2.999240e+02
2.999200e+02
2.999160e+02
2.999120e+02
2.999080e+02
2.999040e+02
2.999000e+02
2.998960e+02
2.998920e+02
2.998880e+02
3.001120e+02
3.001080e+02
3.001040e+02
3.001000e+02
3.000960e+02
3.000920e+02
3.000880e+02
3.000840e+02
3.000800e+02
3.000760e+02
3.000720e+02
3.000680e+02
3.000640e+02
3.000600e+02
3.000560e+02
3.000520e+02
3.000480e+02
3.000440e+02
3.000400e+02
3.000360e+02
3.000320e+02
3.000280e+02
3.000240e+02
3.000200e+02
3.000160e+02
3.000120e+02
3.000080e+02
3.000040e+02
3.000000e+02
2.999960e+02
2.999920e+02
2.999880e+02
2.999840e+02
2.999800e+02
2.999760e+02
2.999720e+02
2.999680e+02
2.999640e+02
2.999600e+02
2.999560e+02
2.999520e+02
2.999480e+02
2.999440e+02
2.999400e+02
2.999360e+02
2.999320e+02
2.999280e+02
2.999240e+02
2.999200e+02
2.999160e+02
2.999120e+02
2.999080e+02
2.999040e+02
2.999000e+02
2.998960e+02
2.998920e+02
2.998880e+02
3.001120e+02
3.001080e+02
3.001040e+02
3.001000e+02
3.000960e+02
3.000920e+02
3.000880e+02
3.000840e+02
3.000800e+02
3.000760e+02
3.000720e+02
3.000680e+02
3.000640e+02
3.000600e+02
3.000560e+02
3.000520e+02
3.000480e+02
3.000440e+02
3.000400e+02
3.000360e+02
3.000320e+02
3.000280e+02
3.000240e+02
3.000200e+02
3.000160e+02
3.000120e+02
3.000080e+02
3.000040e+02
3.000000e+02
2.999960e+02
2.999920e+02
2.999880e+02
2.999840e+02
2.999800e+02
2.999760e+02
2.999720e+02
2.999680e+02
2.999640e+02
2.999600e+02
2.999560e+02
2.999520e+02
2.999480e+02
2.999440e+02
2.999400e+02
2.999360e+02
2.999320e+02
2.999280e+02
2.999240e+02
2.999200e+02
2.999160e+02
2.999120e+02
2.999080e+02
2.999040e+02
2.999000e+02
2.998960e+02
2.998920e+02
2.998880e+02
3.001120e+02
3.001080e+02
3.001040e+02
3.001000e+02
3.000960e+02
3.000920e+02
3.000880e+02
3.000840e+02
3.000800e+02
3.000760e+02
3.000720e+02
3.000680e+02
3.000640e+02
3.000600e+02
3.000560e+02
3.000520e+02
3.000480e+02
3.000440e+02
3.000400e+02
3.000360e+02
3.000320e+02
3.000280e+02
3.000240e+02
3.000200e+02
3.000160e+02
3.000120e+02
3.000080e+02
3.000040e+02
3.000000e+02
2.999960e+02
2.999920e+02
2.999880e+02
2.999840e+02
2.999800e+02
2.999760e+02
2.999720e+02
2.999680e+02
2.999640e+02
2.999600e+02
2.999560e+02
2.999520e+02
2.999480e+02
2.999440e+02
2.999400e+02
2.999360e+02
2.999320e+02
2.999280e+02
2.999240e+02
2.999200e+02
2.999160e+02
2.999120e+02
2.999080e+02
2.999040e+02
2.999000e+02
2.998960e+02
2.998920e+02
2.998880e+02
3.001120e+02
3.001080e+02
3.001040e+02
3.001000e+02
3.000960e+02
3.000920e+02
3.000880e+02
3.000840e+02
3.000800e+02
3.000760e+02
3.000720e+02
3.000680e+02
3.000640e+02
3.000600e+02
3.000560e+02
3.000520e+02
3.000480e+02
3.000440e+02
3.000400e+02
3.000360e+02
3.000320e+02
3.000280e+02
3.000240e+02
3.000200e+02
3.000160e+02
3.000120e+02
3.000080e+02
3.000040e+02
3.000000e+02
2.999960e+02
2.999920e+02
2.999880e+02
2.999840e+02
2.999800e+02
2.999760e+02
2.999720e+02
2.999680e+02
2.999640e+02
2.999600e+02
2.999560e+02
2.999520e+02
2.999480e+02
2.999440e+02
2.999400e+02
2.999360e+02
2.999320e+02
2.999280e+02
2.999240e+02
2.999200e+02
2.999160e+02
2.999120e+02
2.999080e+02
2.999040e+02
2.999000e+02
2.998960e+02
2.998920e+02
2.998880e+02
3.001120e+02
3.001080e+02
3.001040e+02
3.001000e+02
3.000960e+02
3.000920e+02
3.000880e+02
3.000840e+02
3.000800e+02
3.000760e+02
3.000720e+02
3.000680e+02
3.000640e+02
3.000600e+02
3.000560e+02
3.000520e+02
3.000480e+02
3.000440e+02
3.000400e+02
3.000360e+02
3.000320e+02
3.000280e+02
3.000240e+02
3.000200e+02
3.000160e+02
3.000120e+02
3.000080e+02
3.000040e+02
3.000000e+02
2.999960e+02
2.999920e+02
2.999880e+02
2.999840e+02
2.999800e+02
2.999760e+02
2.999720e+02
2.999680e+02
2.999640e+02
2.999600e+02
2.999560e+02
2.999520e+02
2.999480e+02
2.999440e+02
2.999400e+02
2.999360e+02
2.999320e+02
2.999280e+02
2.999240e+02
2.999200e+02
2.999160e+02
2.999120e+02
2.999080e+02
2.999040e+02
2.999000e+02
2.998960e+02
2.998920e+02
2.998880e+02
3.001120e+02
3.001080e+02
3.001040e+02
3.001000e+02
3.000960e+02
3.000920e+02
3.000880e+02
3.000840e+02
3.000800e+02
3.000760e+02
3.000720e+02
3.000680e+02
3.000640e+02
3.000600e+02
3.000560e+02
3.000520e+02
3.000480e+02
3.000440e+02
3.000400e+02
3.000360e+02
3.000320e+02
3.000280e+02
3.000240e+02
3.000200e+02
3.000160e+02
3.000120e+02
3.000080e+02
3.000040e+02
3.000000e+02
2.999960e+02
2.999920e+02
2.999880e+02
2.999840e+02
2.999800e+02
2.999760e+02
2.999720e+02
2.999680e+02
2.999640e+02
2.999600e+02
2.999560e+02
2.999520e+02
2.999480e+02
2.999440e+02
2.999400e+02
2.999360e+02
2.999320e+02
2.999280e+02
2.999240e+02
2.999200e+02
2.999160e+02
2.999120e+02
2.999080e+02
2.999040e+02
2.999000e+02
2.998960e+02
2.998920e+02
2.998880e+02
3.001120e+02
3.001080e+02
3.001040e+02
3.001000e+02
3.000960e+02
3.000920e+02
3.000880e+02
3.000840e+02
3.000800e+02
3.000760e+02
3.000720e+02
3.000680e+02
3.000640e+02
3.000600e+02
3.000560e+02
3.000520e+02
3.000480e+02
3.000440e+02
3.000400e+02
3.000360e+02
3.000320e+02
3.000280e+02
3.000240e+02
3.000200e+02
3.000160e+02
3.000120e+02
3.000080e+02
3.000040e+02
3.000000e+02
2.999960e+02
2.999920e+02
2.999880e+02
2.999840e+02
2.999800e+02
2.999760e+02
2.999720e+02
2.999680e+02
2.999640e+02
2.999600e+02
2.999560e+02
2.999520e+02
2.999480e+02
2.999440e+02
2.999400e+02
2.999360e+02
2.999320e+02
2.999280e+02
2.999240e+02
2.999200e+02
2.999160e+02
2.999120e+02
2.999080e+02
2.999040e+02
2.999000e+02
2.998960e+02
2.998920e+02
2.998880e+02
3.001120e+02
3.001080e+02
3.001040e+02
3.001000e+02
3.000960e+02
3.000920e+02
3.000880e+02
3.000840e+02
3.000800e+02
3.000760e+02
3.000720e+02
3.000680e+02
3.000640e+02
3.000600e+02
3.000560e+02
3.000520e+02
3.000480e+02
3.000440e+02
3.000400e+02
3.000360e+02
3.000320e+02
3.000280e+02
3.000240e+02
3.000200e+02
3.000160e+02
3.000120e+02
3.000080e+02
3.000040e+02
3.000000e+02
2.999960e+02
2.999920e+02
2.999880e+02
2.999840e+02
2.999800e+02
2.999760e+02
2.999720e+02
2.999680e+02
2.999640e+02
2.999600e+02
2.999560e+02
2.999520e+02
2.999480e+02
2.999440e+02
2.999400e+02
2.999360e+02
2.999320e+02
2.999280e+02
2.999240e+02
2.999200e+02
2.999160e+02
2.999120e+02
2.999080e+02
2.999040e+02
2.999000e+02
2.998960e+02
2.998920e+02
2.998880e+02
3.001120e+02
3.001080e+02
3.001040e+02
3.001000e+02
3.000960e+02
3.000920e+02
3.000880e+02
3.000840e+02
3.000800e+02
3.000760e+02
3.000720e+02
3.000680e+02
3.000640e+02
3.000600e+02
3.000560e+02
3.000520e+02
3.000480e+02
3.000440e+02
3.000400e+02
3.000360e+02
3.000320e+02
3.000280e+02
3.000240e+02
3.000200e+02
3.000160e+02
3.000120e+02
3.000080e+02
3.000040e+02
3.000000e+02
2.999960e+02
2.999920e+02
2.999880e+02
2.999840e+02
2.999800e+02
2.999760e+02
2.999720e+02
2.999680e+02
2.999640e+02
2.999600e+02
2.999560e+02
2.999520e+02
2.999480e+02
2.999440e+02
2.999400e+02
2.999360e+02
2.999320e+02
2.999280e+02
2.999240e+02
2.999200e+02
2.999160e+02
2.999120e+02
2.999080e+02
2.999040e+02
2.999000e+02
2.998960e+02
2.998920e+02
2.998880e+02
3.001120e+02
3.001080e+02
3.001040e+02
3.001000e+02
3.000960e+02
3.000920e+02
3.000880e+02
3.000840e+02
3.000800e+02
3.000760e+02
3.000720e+02
3.000680e+02
3.000640e+02
3.000600e+02
3.000560e+02
3.000520e+02
3.000480e+02
3.000440e+02
3.000400e+02
3.000360e+02
3.000320e+02
3.000280e+02
3.000240e+02
3.000200e+02
3.000160e+02
3.000120e+02
3.000080e+02
3.000040e+02
3.000000e+02
2.999960e+02
2.999920e+02
2.999880e+02
2.999840e+02
2.999800e+02
2.999760e+02
2.999720e+02
2.999680e+02
2.999640e+02
2.999600e+02
2.999560e+02
2.999520e+02
2.999480e+02
2.999440e+02
2.999400e+02
2.999360e+02
2.999320e+02
2.999280e+02
2.999240e+02
2.999200e+02
2.999160e+02
2.999120e+02
2.999080e+02
2.999040e+02
2.999000e+02
2.998960e+02
2.998920e+02
2.998880e+02
3.001120e+02
3.001080e+02
3.001040e+02
3.001000e+02
3.000960e+02
3.000920e+02
3.000880e+02
3.000840e+02
3.000800e+02
3.000760e+02
3.000720e+02
3.000680e+02
3.000640e+02
3.000600e+02
3.000560e+02
3.000520e+02
3.000480e+02
3.000440e+02
3.000400e+02
3.000360e+02
3.000320e+02
3.000280e+02
3.000240e+02
3.000200e+02
3.000160e+02
3.000120e+02
3.000080e+02
3.000040e+02
3.000000e+02
2.999960e+02
2.999920e+02
2.999880e+02
2.999840e+02
2.999800e+02
2.999760e+02
2.999720e+02
2.999680e+02
2.999640e+02
2.999600e+02
2.999560e+02
2.999520e+02
2.999480e+02
2.999440e+02
2.999400e+02
2.999360e+02
2.999320e+02
2.999280e+02
2.999240e+02
2.999200e+02
2.999160e+02
2.999120e+02
2.999080e+02
2.999040e+02
2.999000e+02
2.998960e+02
2.998920e+02
2.998880e+02
3.001120e+02
3.001080e+02
3.001040e+02
3.001000e+02
3.000960e+02
3.000920e+02
3.000880e+02
3.000840e+02
3.000800e+02
3.000760e+02
3.000720e+02
3.000680e+02
3.000640e+02
3.000600e+02
3.000560e+02
3.000520e+02
3.000480e+02
3.000440e+02
3.000400e+02
3.000360e+02
3.000320e+02
3.000280e+02
3.000240e+02
3.000200e+02
3.000160e+02
3.000120e+02
3.000080e+02
3.000040e+02
3.000000e+02
2.999960e+02
2.999920e+02
2.999880e+02
2.999840e+02
2.999800e+02
2.999760e+02
2.999720e+02
2.999680e+02
2.999640e+02
2.999600e+02
2.999560e+02
2.999520e+02
2.999480e+02
2.999440e+02
2.999400e+02
2.999360e+02
2.999320e+02
2.999280e+02
2.999240e+02
2.999200e+02
2.999160e+02
2.999120e+02
2.999080e+02
2.999040e+02
2.999000e+02
2.998960e+02
2.998920e+02
2.998880e+02
3.001120e+02
3.001080e+02
3.001040e+02
3.001000e+02
3.000960e+02
3.000920e+02
3.000880e+02
3.000840e+02
3.000800e+02
3.000760e+02
3.000720e+02
3.000680e+02
3.000640e+02
3.000600e+02
3.000560e+02
3.000520e+02
3.000480e+02
3.000440e+02
3.000400e+02
3.000360e+02
3.000320e+02
3.000280e+02
3.000240e+02
3.000200e+02
3.000160e+02
3.000120e+02
3.000080e+02
3.000040e+02
3.000000e+02
2.999960e+02
2.999920e+02
2.999880e+02
2.999840e+02
2.999800e+02
2.999760e+02
2.999720e+02
2.999680e+02
2.999640e+02
2.999600e+02
2.999560e+02
2.999520e+02
2.999480e+02
2.999440e+02
2.999400e+02
2.999360e+02
2.999320e+02
2.999280e+02
2.999240e+02
2.999200e+02
2.999160e+02
2.999120e+02
2.999080e+02
2.999040e+02
2.999000e+02
2.998960e+02
2.998920e+02
2.998880e+02
3.001120e+02
3.001080e+02
3.001040e+02
3.001000e+02
3.000960e+02
3.000920e+02
3.000880e+02
3.000840e+02
3.000800e+02
3.000760e+02
3.000720e+02
3.000680e+02
3.000640e+02
3.000600e+02
3.000560e+02
3.000520e+02
3.000480e+02
3.000440e+02
3.000400e+02
3.000360e+02
3.000320e+02
3.000280e+02
3.000240e+02
3.000200e+02
3.000160e+02
3.000120e+02
3.000080e+02
3.000040e+02
3.000000e+02
2.999960e+02
2.999920e+02
2.999880e+02
2.999840e+02
2.999800e+02
2.999760e+02
2.999720e+02
2.999680e+02
2.999640e+02
2.999600e+02
2.999560e+02
2.999520e+02
2.999480e+02
2.999440e+02
2.999400e+02
2.999360e+02
2.999320e+02
2.999280e+02
2.999240e+02
2.999200e+02
2.999160e+02
2.999120e+02
2.999080e+02
2.999040e+02
2.999000e+02
2.998960e+02
2.998920e+02
2.998880e+02
3.001120e+02
3.001080e+02
3.001040e+02
3.001000e+02
3.000960e+02
3.000920e+02
3.000880e+02
3.000840e+02
3.000800e+02
3.000760e+02
3.000720e+02
3.000680e+02
3.000640e+02
3.000600e+02
3.000560e+02
3.000520e+02
3.000480e+02
3.000440e+02
3.000400e+02
3.000360e+02
3.000320e+02
3.000280e+02
3.000240e+02
3.000200e+02
3.000160e+02
3.000120e+02
3.000080e+02
3.000040e+02
3.000000e+02
2.999960e+02
2.999920e+02
2.999880e+02
2.999840e+02
2.999800e+02
2.999760e+02
2.999720e+02
2.999680e+02
2.999640e+02
2.999600e+02
2.999560e+02
2.999520e+02
2.999480e+02
2.999440e+02
2.999400e+02
2.999360e+02
2.999320e+02
2.999280e+02
2.999240e+02
2.999200e+02
2.999160e+02
2.999120e+02
2.999080e+02
2.999040e+02
2.999000e+02
2.998960e+02
2.998920e+02
2.998880e+02
3.001120e+02
3.001080e+02
3.001040e+02
3.001000e+02
3.000960e+02
3.000920e+02
3.000880e+02
3.000840e+02
3.000800e+02
3.000760e+02
3.000720e+02
3.000680e+02
3.000640e+02
3.000600e+02
3.000560e+02
3.000520e+02
3.000480e+02
3.000440e+02
3.000400e+02
3.000360e+02
3.000320e+02
3.000280e+02
3.000240e+02
3.000200e+02
3.000160e+02
3.000120e+02
3.000080e+02
3.000040e+02
3.000000e+02
2.999960e+02
2.999920e+02
2.999880e+02
2.999840e+02
2.999800e+02
2.999760e+02
2.999720e+02
2.999680e+02
2.999640e+02
2.999600e+02
2.999560e+02
2.999520e+02
2.999480e+02
2.999440e+02
2.999400e+02
2.999360e+02
2.999320e+02
2.999280e+02
2.999240e+02
2.999200e+02
2.999160e+02
2.999120e+02
2.999080e+02
2.999040e+02
2.999000e+02
2.998960e+02
2.998920e+02
2.998880e+02
3.001120e+02
3.001080e+02
3.001040e+02
3.001000e+02
3.000960e+02
3.000920e+02
3.000880e+02
3.000840e+02
3.000800e+02
3.000760e+02
3.000720e+02
3.000680e+02
3.000640e+02
3.000600e+02
3.000560e+02
3.000520e+02
3.000480e+02
3.000440e+02
3.000400e+02
3.000360e+02
3.000320e+02
3.000280e+02
3.000240e+02
3.000200e+02
3.000160e+02
3.000120e+02
3.000080e+02
3.000040e+02
3.000000e+02
2.999960e+02
2.999920e+02
2.999880e+02
2.999840e+02
2.999800e+02
2.999760e+02
2.999720e+02
2.999680e+02
2.999640e+02
2.999600e+02
2.999560e+02
2.999520e+02
2.999480e+02
2.999440e+02
2.999400e+02
2.999360e+02
2.999320e+02
2.999280e+02
2.999240e+02
2.999200e+02
2.999160e+02
2.999120e+02
2.999080e+02
2.999040e+02
2.999000e+02
2.998960e+02
2.998920e+02
2.998880e+02
3.001120e+02
3.001080e+02
3.001040e+02
3.001000e+02
3.000960e+02
3.000920e+02
3.000880e+02
3.000840e+02
3.000800e+02
3.000760e+02
3.000720e+02
3.000680e+02
3.000640e+02
3.000600e+02
3.000560e+02
3.000520e+02
3.000480e+02
3.000440e+02
3.000400e+02
3.000360e+02
3.000320e+02
3.000280e+02
3.000240e+02
3.000200e+02
3.000160e+02
3.000120e+02
3.000080e+02
3.000040e+02
3.000000e+02
2.999960e+02
2.999920e+02
2.999880e+02
2.999840e+02
2.999800e+02
2.999760e+02
2.999720e+02
2.999680e+02
2.999640e+02
2.999600e+02
2.999560e+02
2.999520e+02
2.999480e+02
2.999440e+02
2.999400e+02
2.999360e+02
2.999320e+02
2.999280e+02
2.999240e+02
2.999200e+02
2.999160e+02
2.999120e+02
2.999080e+02
2.999040e+02
2.999000e+02
2.998960e+02
2.998920e+02
2.998880e+02
3.001120e+02
3.001080e+02
3.001040e+02
3.001000e+02
3.000960e+02
3.000920e+02
3.000880e+02
3.000840e+02
3.000800e+02
3.000760e+02
3.000720e+02
3.000680e+02
3.000640e+02
3.000600e+02
3.000560e+02
3.000520e+02
3.000480e+02
3.000440e+02
3.000400e+02
3.000360e+02
3.000320e+02
3.000280e+02
3.000240e+02
3.000200e+02
3.000160e+02
3.000120e+02
3.000080e+02
3.000040e+02
3.000000e+02
2.999960e+02
2.999920e+02
2.999880e+02
2.999840e+02
2.999800e+02
2.999760e+02
2.999720e+02
2.999680e+02
2.999640e+02
2.999600e+02
2.999560e+02
2.999520e+02
2.999480e+02
2.999440e+02
2.999400e+02
2.999360e+02
2.999320e+02
2.999280e+02
2.999240e+02
2.999200e+02
2.999160e+02
2.999120e+02
2.999080e+02
2.999040e+02
2.999000e+02
2.998960e+02
2.998920e+02
2.998880e+02
3.001120e+02
3.001080e+02
3.001040e+02
3.001000e+02
3.000960e+02
3.000920e+02
3.000880e+02
3.000840e+02
3.000800e+02
3.000760e+02
3.000720e+02
3.000680e+02
3.000640e+02
3.000600e+02
3.000560e+02
3.000520e+02
3.000480e+02
3.000440e+02
3.000400e+02
3.000360e+02
3.000320e+02
3.000280e+02
3.000240e+02
3.000200e+02
3.000160e+02
3.000120e+02
3.000080e+02
3.000040e+02
3.000000e+02
2.999960e+02
2.999920e+02
2.999880e+02
2.999840e+02
2.999800e+02
2.999760e+02
2.999720e+02
2.999680e+02
2.999640e+02
2.999600e+02
2.999560e+02
2.999520e+02
2.999480e+02
2.999440e+02
2.999400e+02
2.999360e+02
2.999320e+02
2.999280e+02
2.999240e+02
2.999200e+02
2.999160e+02
2.999120e+02
2.999080e+02
2.999040e+02
2.999000e+02
2.998960e+02
2.998920e+02
2.998880e+02
