1.014000e+02
1.013500e+02
1.013000e+02
1.012500e+02
1.012000e+02
1.011500e+02
1.011000e+02
1.010500e+02
1.010000e+02
1.009500e+02
1.009000e+02
1.008500e+02
1.008000e+02
1.007500e+02
1.007000e+02
1.006500e+02
1.006000e+02
1.005500e+02
1.005000e+02
1.004500e+02
1.004000e+02
1.003500e+02
1.003000e+02
1.002500e+02
1.002000e+02
1.001500e+02
1.001000e+02
1.000500e+02
1.000000e+02
9.995000e+01
9.990000e+01
9.985000e+01
9.980000e+01
9.975000e+01
9.970000e+01
9.965000e+01
9.960000e+01
9.955000e+01
9.950000e+01
9.945000e+01
9.940000e+01
9.935000e+01
9.930000e+01
9.925000e+01
9.920000e+01
9.915000e+01
9.910000e+01
9.905000e+01
9.900000e+01
9.895000e+01
9.890000e+01
9.885000e+01
9.880000e+01
9.875000e+01
9.870000e+01
9.865000e+01
9.860000e+01
1.014000e+02
1.013500e+02
1.013000e+02
1.012500e+02
1.012000e+02
1.011500e+02
1.011000e+02
1.010500e+02
1.010000e+02
1.009500e+02
1.009000e+02
1.008500e+02
1.008000e+02
1.007500e+02
1.007000e+02
1.006500e+02
1.006000e+02
1.005500e+02
1.005000e+02
1.004500e+02
1.004000e+02
1.003500e+02
1.003000e+02
1.002500e+02
1.002000e+02
1.001500e+02
1.001000e+02
1.000500e+02
1.000000e+02
9.995000e+01
9.990000e+01
9.985000e+01
9.980000e+01
9.975000e+01
9.970000e+01
9.965000e+01
9.960000e+01
9.955000e+01
9.950000e+01
9.945000e+01
9.940000e+01
9.935000e+01
9.930000e+01
9.925000e+01
9.920000e+01
9.915000e+01
9.910000e+01
9.905000e+01
9.900000e+01
9.895000e+01
9.890000e+01
9.885000e+01
9.880000e+01
9.875000e+01
9.870000e+01
9.865000e+01
9.860000e+01
1.014000e+02
1.013500e+02
1.013000e+02
1.012500e+02
1.012000e+02
1.011500e+02
1.011000e+02
1.010500e+02
1.010000e+02
1.009500e+02
1.009000e+02
1.008500e+02
1.008000e+02
1.007500e+02
1.007000e+02
1.006500e+02
1.006000e+02
1.005500e+02
1.005000e+02
1.004500e+02
1.004000e+02
1.003500e+02
1.003000e+02
1.002500e+02
1.002000e+02
1.001500e+02
1.001000e+02
1.000500e+02
1.000000e+02
9.995000e+01
9.990000e+01
9.985000e+01
9.980000e+01
9.975000e+01
9.970000e+01
9.965000e+01
9.960000e+01
9.955000e+01
9.950000e+01
9.945000e+01
9.940000e+01
9.935000e+01
9.930000e+01
9.925000e+01
9.920000e+01
9.915000e+01
9.910000e+01
9.905000e+01
9.900000e+01
9.895000e+01
9.890000e+01
9.885000e+01
9.880000e+01
9.875000e+01
9.870000e+01
9.865000e+01
9.860000e+01
1.014000e+02
1.013500e+02
1.013000e+02
1.012500e+02
1.012000e+02
1.011500e+02
1.011000e+02
1.010500e+02
1.010000e+02
1.009500e+02
1.009000e+02
1.008500e+02
1.008000e+02
1.007500e+02
1.007000e+02
1.006500e+02
1.006000e+02
1.005500e+02
1.005000e+02
1.004500e+02
1.004000e+02
1.003500e+02
1.003000e+02
1.002500e+02
1.002000e+02
1.001500e+02
1.001000e+02
1.000500e+02
1.000000e+02
9.995000e+01
9.990000e+01
9.985000e+01
9.980000e+01
9.975000e+01
9.970000e+01
9.965000e+01
9.960000e+01
9.955000e+01
9.950000e+01
9.945000e+01
9.940000e+01
9.935000e+01
9.930000e+01
9.925000e+01
9.920000e+01
9.915000e+01
9.910000e+01
9.905000e+01
9.900000e+01
9.895000e+01
9.890000e+01
9.885000e+01
9.880000e+01
9.875000e+01
9.870000e+01
9.865000e+01
9.860000e+01
1.014000e+02
1.013500e+02
1.013000e+02
1.012500e+02
1.012000e+02
1.011500e+02
1.011000e+02
1.010500e+02
1.010000e+02
1.009500e+02
1.009000e+02
1.008500e+02
1.008000e+02
1.007500e+02
1.007000e+02
1.006500e+02
1.006000e+02
1.005500e+02
1.005000e+02
1.004500e+02
1.004000e+02
1.003500e+02
1.003000e+02
1.002500e+02
1.002000e+02
1.001500e+02
1.001000e+02
1.000500e+02
1.000000e+02
9.995000e+01
9.990000e+01
9.985000e+01
9.980000e+01
9.975000e+01
9.970000e+01
9.965000e+01
9.960000e+01
9.955000e+01
9.950000e+01
9.945000e+01
9.940000e+01
9.935000e+01
9.930000e+01
9.925000e+01
9.920000e+01
9.915000e+01
9.910000e+01
9.905000e+01
9.900000e+01
9.895000e+01
9.890000e+01
9.885000e+01
9.880000e+01
9.875000e+01
9.870000e+01
9.865000e+01
9.860000e+01
1.014000e+02
1.013500e+02
1.013000e+02
1.012500e+02
1.012000e+02
1.011500e+02
1.011000e+02
1.010500e+02
1.010000e+02
1.009500e+02
1.009000e+02
1.008500e+02
1.008000e+02
1.007500e+02
1.007000e+02
1.006500e+02
1.006000e+02
1.005500e+02
1.005000e+02
1.004500e+02
1.004000e+02
1.003500e+02
1.003000e+02
1.002500e+02
1.002000e+02
1.001500e+02
1.001000e+02
1.000500e+02
1.000000e+02
9.995000e+01
9.990000e+01
9.985000e+01
9.980000e+01
9.975000e+01
9.970000e+01
9.965000e+01
9.960000e+01
9.955000e+01
9.950000e+01
9.945000e+01
9.940000e+01
9.935000e+01
9.930000e+01
9.925000e+01
9.920000e+01
9.915000e+01
9.910000e+01
9.905000e+01
9.900000e+01
9.895000e+01
9.890000e+01
9.885000e+01
9.880000e+01
9.875000e+01
9.870000e+01
9.865000e+01
9.860000e+01
1.014000e+02
1.013500e+02
1.013000e+02
1.012500e+02
1.012000e+02
1.011500e+02
1.011000e+02
1.010500e+02
1.010000e+02
1.009500e+02
1.009000e+02
1.008500e+02
1.008000e+02
1.007500e+02
1.007000e+02
1.006500e+02
1.006000e+02
1.005500e+02
1.005000e+02
1.004500e+02
1.004000e+02
1.003500e+02
1.003000e+02
1.002500e+02
1.002000e+02
1.001500e+02
1.001000e+02
1.000500e+02
1.000000e+02
9.995000e+01
9.990000e+01
9.985000e+01
9.980000e+01
9.975000e+01
9.970000e+01
9.965000e+01
9.960000e+01
9.955000e+01
9.950000e+01
9.945000e+01
9.940000e+01
9.935000e+01
9.930000e+01
9.925000e+01
9.920000e+01
9.915000e+01
9.910000e+01
9.905000e+01
9.900000e+01
9.895000e+01
9.890000e+01
9.885000e+01
9.880000e+01
9.875000e+01
9.870000e+01
9.865000e+01
9.860000e+01
1.014000e+02
1.013500e+02
1.013000e+02
1.012500e+02
1.012000e+02
1.011500e+02
1.011000e+02
1.010500e+02
1.010000e+02
1.009500e+02
1.009000e+02
1.008500e+02
1.008000e+02
1.007500e+02
1.007000e+02
1.006500e+02
1.006000e+02
1.005500e+02
1.005000e+02
1.004500e+02
1.004000e+02
1.003500e+02
1.003000e+02
1.002500e+02
1.002000e+02
1.001500e+02
1.001000e+02
1.000500e+02
1.000000e+02
9.995000e+01
9.990000e+01
9.985000e+01
9.980000e+01
9.975000e+01
9.970000e+01
9.965000e+01
9.960000e+01
9.955000e+01
9.950000e+01
9.945000e+01
9.940000e+01
9.935000e+01
9.930000e+01
9.925000e+01
9.920000e+01
9.915000e+01
9.910000e+01
9.905000e+01
9.900000e+01
9.895000e+01
9.890000e+01
9.885000e+01
9.880000e+01
9.875000e+01
9.870000e+01
9.865000e+01
9.860000e+01
1.014000e+02
1.013500e+02
1.013000e+02
1.012500e+02
1.012000e+02
1.011500e+02
1.011000e+02
1.010500e+02
1.010000e+02
1.009500e+02
1.009000e+02
1.008500e+02
1.008000e+02
1.007500e+02
1.007000e+02
1.006500e+02
1.006000e+02
1.005500e+02
1.005000e+02
1.004500e+02
1.004000e+02
1.003500e+02
1.003000e+02
1.002500e+02
1.002000e+02
1.001500e+02
1.001000e+02
1.000500e+02
1.000000e+02
9.995000e+01
9.990000e+01
9.985000e+01
9.980000e+01
9.975000e+01
9.970000e+01
9.965000e+01
9.960000e+01
9.955000e+01
9.950000e+01
9.945000e+01
9.940000e+01
9.935000e+01
9.930000e+01
9.925000e+01
9.920000e+01
9.915000e+01
9.910000e+01
9.905000e+01
9.900000e+01
9.895000e+01
9.890000e+01
9.885000e+01
9.880000e+01
9.875000e+01
9.870000e+01
9.865000e+01
9.860000e+01
1.014000e+02
1.013500e+02
1.013000e+02
1.012500e+02
1.012000e+02
1.011500e+02
1.011000e+02
1.010500e+02
1.010000e+02
1.009500e+02
1.009000e+02
1.008500e+02
1.008000e+02
1.007500e+02
1.007000e+02
1.006500e+02
1.006000e+02
1.005500e+02
1.005000e+02
1.004500e+02
1.004000e+02
1.003500e+02
1.003000e+02
1.002500e+02
1.002000e+02
1.001500e+02
1.001000e+02
1.000500e+02
1.000000e+02
9.995000e+01
9.990000e+01
9.985000e+01
9.980000e+01
9.975000e+01
9.970000e+01
9.965000e+01
9.960000e+01
9.955000e+01
9.950000e+01
9.945000e+01
9.940000e+01
9.935000e+01
9.930000e+01
9.925000e+01
9.920000e+01
9.915000e+01
9.910000e+01
9.905000e+01
9.900000e+01
9.895000e+01
9.890000e+01
9.885000e+01
9.880000e+01
9.875000e+01
9.870000e+01
9.865000e+01
9.860000e+01
1.014000e+02
1.013500e+02
1.013000e+02
1.012500e+02
1.012000e+02
1.011500e+02
1.011000e+02
1.010500e+02
1.010000e+02
1.009500e+02
1.009000e+02
1.008500e+02
1.008000e+02
1.007500e+02
1.007000e+02
1.006500e+02
1.006000e+02
1.005500e+02
1.005000e+02
1.004500e+02
1.004000e+02
1.003500e+02
1.003000e+02
1.002500e+02
1.002000e+02
1.001500e+02
1.001000e+02
1.000500e+02
1.000000e+02
9.995000e+01
9.990000e+01
9.985000e+01
9.980000e+01
9.975000e+01
9.970000e+01
9.965000e+01
9.960000e+01
9.955000e+01
9.950000e+01
9.945000e+01
9.940000e+01
9.935000e+01
9.930000e+01
9.925000e+01
9.920000e+01
9.915000e+01
9.910000e+01
9.905000e+01
9.900000e+01
9.895000e+01
9.890000e+01
9.885000e+01
9.880000e+01
9.875000e+01
9.870000e+01
9.865000e+01
9.860000e+01
1.014000e+02
1.013500e+02
1.013000e+02
1.012500e+02
1.012000e+02
1.011500e+02
1.011000e+02
1.010500e+02
1.010000e+02
1.009500e+02
1.009000e+02
1.008500e+02
1.008000e+02
1.007500e+02
1.007000e+02
1.006500e+02
1.006000e+02
1.005500e+02
1.005000e+02
1.004500e+02
1.004000e+02
1.003500e+02
1.003000e+02
1.002500e+02
1.002000e+02
1.001500e+02
1.001000e+02
1.000500e+02
1.000000e+02
9.995000e+01
9.990000e+01
9.985000e+01
9.980000e+01
9.975000e+01
9.970000e+01
9.965000e+01
9.960000e+01
9.955000e+01
9.950000e+01
9.945000e+01
9.940000e+01
9.935000e+01
9.930000e+01
9.925000e+01
9.920000e+01
9.915000e+01
9.910000e+01
9.905000e+01
9.900000e+01
9.895000e+01
9.890000e+01
9.885000e+01
9.880000e+01
9.875000e+01
9.870000e+01
9.865000e+01
9.860000e+01
1.014000e+02
1.013500e+02
1.013000e+02
1.012500e+02
1.012000e+02
1.011500e+02
1.011000e+02
1.010500e+02
1.010000e+02
1.009500e+02
1.009000e+02
1.008500e+02
1.008000e+02
1.007500e+02
1.007000e+02
1.006500e+02
1.006000e+02
1.005500e+02
1.005000e+02
1.004500e+02
1.004000e+02
1.003500e+02
1.003000e+02
1.002500e+02
1.002000e+02
1.001500e+02
1.001000e+02
1.000500e+02
1.000000e+02
9.995000e+01
9.990000e+01
9.985000e+01
9.980000e+01
9.975000e+01
9.970000e+01
9.965000e+01
9.960000e+01
9.955000e+01
9.950000e+01
9.945000e+01
9.940000e+01
9.935000e+01
9.930000e+01
9.925000e+01
9.920000e+01
9.915000e+01
9.910000e+01
9.905000e+01
9.900000e+01
9.895000e+01
9.890000e+01
9.885000e+01
9.880000e+01
9.875000e+01
9.870000e+01
9.865000e+01
9.860000e+01
1.014000e+02
1.013500e+02
1.013000e+02
1.012500e+02
1.012000e+02
1.011500e+02
1.011000e+02
1.010500e+02
1.010000e+02
1.009500e+02
1.009000e+02
1.008500e+02
1.008000e+02
1.007500e+02
1.007000e+02
1.006500e+02
1.006000e+02
1.005500e+02
1.005000e+02
1.004500e+02
1.004000e+02
1.003500e+02
1.003000e+02
1.002500e+02
1.002000e+02
1.001500e+02
1.001000e+02
1.000500e+02
1.000000e+02
9.995000e+01
9.990000e+01
9.985000e+01
9.980000e+01
9.975000e+01
9.970000e+01
9.965000e+01
9.960000e+01
9.955000e+01
9.950000e+01
9.945000e+01
9.940000e+01
9.935000e+01
9.930000e+01
9.925000e+01
9.920000e+01
9.915000e+01
9.910000e+01
9.905000e+01
9.900000e+01
9.895000e+01
9.890000e+01
9.885000e+01
9.880000e+01
9.875000e+01
9.870000e+01
9.865000e+01
9.860000e+01
1.014000e+02
1.013500e+02
1.013000e+02
1.012500e+02
1.012000e+02
1.011500e+02
1.011000e+02
1.010500e+02
1.010000e+02
1.009500e+02
1.009000e+02
1.008500e+02
1.008000e+02
1.007500e+02
1.007000e+02
1.006500e+02
1.006000e+02
1.005500e+02
1.005000e+02
1.004500e+02
1.004000e+02
1.003500e+02
1.003000e+02
1.002500e+02
1.002000e+02
1.001500e+02
1.001000e+02
1.000500e+02
1.000000e+02
9.995000e+01
9.990000e+01
9.985000e+01
9.980000e+01
9.975000e+01
9.970000e+01
9.965000e+01
9.960000e+01
9.955000e+01
9.950000e+01
9.945000e+01
9.940000e+01
9.935000e+01
9.930000e+01
9.925000e+01
9.920000e+01
9.915000e+01
9.910000e+01
9.905000e+01
9.900000e+01
9.895000e+01
9.890000e+01
9.885000e+01
9.880000e+01
9.875000e+01
9.870000e+01
9.865000e+01
9.860000e+01
1.014000e+02
1.013500e+02
1.013000e+02
1.012500e+02
1.012000e+02
1.011500e+02
1.011000e+02
1.010500e+02
1.010000e+02
1.009500e+02
1.009000e+02
1.008500e+02
1.008000e+02
1.007500e+02
1.007000e+02
1.006500e+02
1.006000e+02
1.005500e+02
1.005000e+02
1.004500e+02
1.004000e+02
1.003500e+02
1.003000e+02
1.002500e+02
1.002000e+02
1.001500e+02
1.001000e+02
1.000500e+02
1.000000e+02
9.995000e+01
9.990000e+01
9.985000e+01
9.980000e+01
9.975000e+01
9.970000e+01
9.965000e+01
9.960000e+01
9.955000e+01
9.950000e+01
9.945000e+01
9.940000e+01
9.935000e+01
9.930000e+01
9.925000e+01
9.920000e+01
9.915000e+01
9.910000e+01
9.905000e+01
9.900000e+01
9.895000e+01
9.890000e+01
9.885000e+01
9.880000e+01
9.875000e+01
9.870000e+01
9.865000e+01
9.860000e+01
1.014000e+02
1.013500e+02
1.013000e+02
1.012500e+02
1.012000e+02
1.011500e+02
1.011000e+02
1.010500e+02
1.010000e+02
1.009500e+02
1.009000e+02
1.008500e+02
1.008000e+02
1.007500e+02
1.007000e+02
1.006500e+02
1.006000e+02
1.005500e+02
1.005000e+02
1.004500e+02
1.004000e+02
1.003500e+02
1.003000e+02
1.002500e+02
1.002000e+02
1.001500e+02
1.001000e+02
1.000500e+02
1.000000e+02
9.995000e+01
9.990000e+01
9.985000e+01
9.980000e+01
9.975000e+01
9.970000e+01
9.965000e+01
9.960000e+01
9.955000e+01
9.950000e+01
9.945000e+01
9.940000e+01
9.935000e+01
9.930000e+01
9.925000e+01
9.920000e+01
9.915000e+01
9.910000e+01
9.905000e+01
9.900000e+01
9.895000e+01
9.890000e+01
9.885000e+01
9.880000e+01
9.875000e+01
9.870000e+01
9.865000e+01
9.860000e+01
1.014000e+02
1.013500e+02
1.013000e+02
1.012500e+02
1.012000e+02
1.011500e+02
1.011000e+02
1.010500e+02
1.010000e+02
1.009500e+02
1.009000e+02
1.008500e+02
1.008000e+02
1.007500e+02
1.007000e+02
1.006500e+02
1.006000e+02
1.005500e+02
1.005000e+02
1.004500e+02
1.004000e+02
1.003500e+02
1.003000e+02
1.002500e+02
1.002000e+02
1.001500e+02
1.001000e+02
1.000500e+02
1.000000e+02
9.995000e+01
9.990000e+01
9.985000e+01
9.980000e+01
9.975000e+01
9.970000e+01
9.965000e+01
9.960000e+01
9.955000e+01
9.950000e+01
9.945000e+01
9.940000e+01
9.935000e+01
9.930000e+01
9.925000e+01
9.920000e+01
9.915000e+01
9.910000e+01
9.905000e+01
9.900000e+01
9.895000e+01
9.890000e+01
9.885000e+01
9.880000e+01
9.875000e+01
9.870000e+01
9.865000e+01
9.860000e+01
1.014000e+02
1.013500e+02
1.013000e+02
1.012500e+02
1.012000e+02
1.011500e+02
1.011000e+02
1.010500e+02
1.010000e+02
1.009500e+02
1.009000e+02
1.008500e+02
1.008000e+02
1.007500e+02
1.007000e+02
1.006500e+02
1.006000e+02
1.005500e+02
1.005000e+02
1.004500e+02
1.004000e+02
1.003500e+02
1.003000e+02
1.002500e+02
1.002000e+02
1.001500e+02
1.001000e+02
1.000500e+02
1.000000e+02
9.995000e+01
9.990000e+01
9.985000e+01
9.980000e+01
9.975000e+01
9.970000e+01
9.965000e+01
9.960000e+01
9.955000e+01
9.950000e+01
9.945000e+01
9.940000e+01
9.935000e+01
9.930000e+01
9.925000e+01
9.920000e+01
9.915000e+01
9.910000e+01
9.905000e+01
9.900000e+01
9.895000e+01
9.890000e+01
9.885000e+01
9.880000e+01
9.875000e+01
9.870000e+01
9.865000e+01
9.860000e+01
1.014000e+02
1.013500e+02
1.013000e+02
1.012500e+02
1.012000e+02
1.011500e+02
1.011000e+02
1.010500e+02
1.010000e+02
1.009500e+02
1.009000e+02
1.008500e+02
1.008000e+02
1.007500e+02
1.007000e+02
1.006500e+02
1.006000e+02
1.005500e+02
1.005000e+02
1.004500e+02
1.004000e+02
1.003500e+02
1.003000e+02
1.002500e+02
1.002000e+02
1.001500e+02
1.001000e+02
1.000500e+02
1.000000e+02
9.995000e+01
9.990000e+01
9.985000e+01
9.980000e+01
9.975000e+01
9.970000e+01
9.965000e+01
9.960000e+01
9.955000e+01
9.950000e+01
9.945000e+01
9.940000e+01
9.935000e+01
9.930000e+01
9.925000e+01
9.920000e+01
9.915000e+01
9.910000e+01
9.905000e+01
9.900000e+01
9.895000e+01
9.890000e+01
9.885000e+01
9.880000e+01
9.875000e+01
9.870000e+01
9.865000e+01
9.860000e+01
1.014000e+02
1.013500e+02
1.013000e+02
1.012500e+02
1.012000e+02
1.011500e+02
1.011000e+02
1.010500e+02
1.010000e+02
1.009500e+02
1.009000e+02
1.008500e+02
1.008000e+02
1.007500e+02
1.007000e+02
1.006500e+02
1.006000e+02
1.005500e+02
1.005000e+02
1.004500e+02
1.004000e+02
1.003500e+02
1.003000e+02
1.002500e+02
1.002000e+02
1.001500e+02
1.001000e+02
1.000500e+02
1.000000e+02
9.995000e+01
9.990000e+01
9.985000e+01
9.980000e+01
9.975000e+01
9.970000e+01
9.965000e+01
9.960000e+01
9.955000e+01
9.950000e+01
9.945000e+01
9.940000e+01
9.935000e+01
9.930000e+01
9.925000e+01
9.920000e+01
9.915000e+01
9.910000e+01
9.905000e+01
9.900000e+01
9.895000e+01
9.890000e+01
9.885000e+01
9.880000e+01
9.875000e+01
9.870000e+01
9.865000e+01
9.860000e+01
1.014000e+02
1.013500e+02
1.013000e+02
1.012500e+02
1.012000e+02
1.011500e+02
1.011000e+02
1.010500e+02
1.010000e+02
1.009500e+02
1.009000e+02
1.008500e+02
1.008000e+02
1.007500e+02
1.007000e+02
1.006500e+02
1.006000e+02
1.005500e+02
1.005000e+02
1.004500e+02
1.004000e+02
1.003500e+02
1.003000e+02
1.002500e+02
1.002000e+02
1.001500e+02
1.001000e+02
1.000500e+02
1.000000e+02
9.995000e+01
9.990000e+01
9.985000e+01
9.980000e+01
9.975000e+01
9.970000e+01
9.965000e+01
9.960000e+01
9.955000e+01
9.950000e+01
9.945000e+01
9.940000e+01
9.935000e+01
9.930000e+01
9.925000e+01
9.920000e+01
9.915000e+01
9.910000e+01
9.905000e+01
9.900000e+01
9.895000e+01
9.890000e+01
9.885000e+01
9.880000e+01
9.875000e+01
9.870000e+01
9.865000e+01
9.860000e+01
1.014000e+02
1.013500e+02
1.013000e+02
1.012500e+02
1.012000e+02
1.011500e+02
1.011000e+02
1.010500e+02
1.010000e+02
1.009500e+02
1.009000e+02
1.008500e+02
1.008000e+02
1.007500e+02
1.007000e+02
1.006500e+02
1.006000e+02
1.005500e+02
1.005000e+02
1.004500e+02
1.004000e+02
1.003500e+02
1.003000e+02
1.002500e+02
1.002000e+02
1.001500e+02
1.001000e+02
1.000500e+02
1.000000e+02
9.995000e+01
9.990000e+01
9.985000e+01
9.980000e+01
9.975000e+01
9.970000e+01
9.965000e+01
9.960000e+01
9.955000e+01
9.950000e+01
9.945000e+01
9.940000e+01
9.935000e+01
9.930000e+01
9.925000e+01
9.920000e+01
9.915000e+01
9.910000e+01
9.905000e+01
9.900000e+01
9.895000e+01
9.890000e+01
9.885000e+01
9.880000e+01
9.875000e+01
9.870000e+01
9.865000e+01
9.860000e+01
1.014000e+02
1.013500e+02
1.013000e+02
1.012500e+02
1.012000e+02
1.011500e+02
1.011000e+02
1.010500e+02
1.010000e+02
1.009500e+02
1.009000e+02
1.008500e+02
1.008000e+02
1.007500e+02
1.007000e+02
1.006500e+02
1.006000e+02
1.005500e+02
1.005000e+02
1.004500e+02
1.004000e+02
1.003500e+02
1.003000e+02
1.002500e+02
1.002000e+02
1.001500e+02
1.001000e+02
1.000500e+02
1.000000e+02
9.995000e+01
9.990000e+01
9.985000e+01
9.980000e+01
9.975000e+01
9.970000e+01
9.965000e+01
9.960000e+01
9.955000e+01
9.950000e+01
9.945000e+01
9.940000e+01
9.935000e+01
9.930000e+01
9.925000e+01
9.920000e+01
9.915000e+01
9.910000e+01
9.905000e+01
9.900000e+01
9.895000e+01
9.890000e+01
9.885000e+01
9.880000e+01
9.875000e+01
9.870000e+01
9.865000e+01
9.860000e+01
1.014000e+02
1.013500e+02
1.013000e+02
1.012500e+02
1.012000e+02
1.011500e+02
1.011000e+02
1.010500e+02
1.010000e+02
1.009500e+02
1.009000e+02
1.008500e+02
1.008000e+02
1.007500e+02
1.007000e+02
1.006500e+02
1.006000e+02
1.005500e+02
1.005000e+02
1.004500e+02
1.004000e+02
1.003500e+02
1.003000e+02
1.002500e+02
1.002000e+02
1.001500e+02
1.001000e+02
1.000500e+02
1.000000e+02
9.995000e+01
9.990000e+01
9.985000e+01
9.980000e+01
9.975000e+01
9.970000e+01
9.965000e+01
9.960000e+01
9.955000e+01
9.950000e+01
9.945000e+01
9.940000e+01
9.935000e+01
9.930000e+01
9.925000e+01
9.920000e+01
9.915000e+01
9.910000e+01
9.905000e+01
9.900000e+01
9.895000e+01
9.890000e+01
9.885000e+01
9.880000e+01
9.875000e+01
9.870000e+01
9.865000e+01
9.860000e+01
1.014000e+02
1.013500e+02
1.013000e+02
1.012500e+02
1.012000e+02
1.011500e+02
1.011000e+02
1.010500e+02
1.010000e+02
1.009500e+02
1.009000e+02
1.008500e+02
1.008000e+02
1.007500e+02
1.007000e+02
1.006500e+02
1.006000e+02
1.005500e+02
1.005000e+02
1.004500e+02
1.004000e+02
1.003500e+02
1.003000e+02
1.002500e+02
1.002000e+02
1.001500e+02
1.001000e+02
1.000500e+02
1.000000e+02
9.995000e+01
9.990000e+01
9.985000e+01
9.980000e+01
9.975000e+01
9.970000e+01
9.965000e+01
9.960000e+01
9.955000e+01
9.950000e+01
9.945000e+01
9.940000e+01
9.935000e+01
9.930000e+01
9.925000e+01
9.920000e+01
9.915000e+01
9.910000e+01
9.905000e+01
9.900000e+01
9.895000e+01
9.890000e+01
9.885000e+01
9.880000e+01
9.875000e+01
9.870000e+01
9.865000e+01
9.860000e+01
1.014000e+02
1.013500e+02
1.013000e+02
1.012500e+02
1.012000e+02
1.011500e+02
1.011000e+02
1.010500e+02
1.010000e+02
1.009500e+02
1.009000e+02
1.008500e+02
1.008000e+02
1.007500e+02
1.007000e+02
1.006500e+02
1.006000e+02
1.005500e+02
1.005000e+02
1.004500e+02
1.004000e+02
1.003500e+02
1.003000e+02
1.002500e+02
1.002000e+02
1.001500e+02
1.001000e+02
1.000500e+02
1.000000e+02
9.995000e+01
9.990000e+01
9.985000e+01
9.980000e+01
9.975000e+01
9.970000e+01
9.965000e+01
9.960000e+01
9.955000e+01
9.950000e+01
9.945000e+01
9.940000e+01
9.935000e+01
9.930000e+01
9.925000e+01
9.920000e+01
9.915000e+01
9.910000e+01
9.905000e+01
9.900000e+01
9.895000e+01
9.890000e+01
9.885000e+01
9.880000e+01
9.875000e+01
9.870000e+01
9.865000e+01
9.860000e+01
1.014000e+02
1.013500e+02
1.013000e+02
1.012500e+02
1.012000e+02
1.011500e+02
1.011000e+02
1.010500e+02
1.010000e+02
1.009500e+02
1.009000e+02
1.008500e+02
1.008000e+02
1.007500e+02
1.007000e+02
1.006500e+02
1.006000e+02
1.005500e+02
1.005000e+02
1.004500e+02
1.004000e+02
1.003500e+02
1.003000e+02
1.002500e+02
1.002000e+02
1.001500e+02
1.001000e+02
1.000500e+02
1.000000e+02
9.995000e+01
9.990000e+01
9.985000e+01
9.980000e+01
9.975000e+01
9.970000e+01
9.965000e+01
9.960000e+01
9.955000e+01
9.950000e+01
9.945000e+01
9.940000e+01
9.935000e+01
9.930000e+01
9.925000e+01
9.920000e+01
9.915000e+01
9.910000e+01
9.905000e+01
9.900000e+01
9.895000e+01
9.890000e+01
9.885000e+01
9.880000e+01
9.875000e+01
9.870000e+01
9.865000e+01
9.860000e+01
1.014000e+02
1.013500e+02
1.013000e+02
1.012500e+02
1.012000e+02
1.011500e+02
1.011000e+02
1.010500e+02
1.010000e+02
1.009500e+02
1.009000e+02
1.008500e+02
1.008000e+02
1.007500e+02
1.007000e+02
1.006500e+02
1.006000e+02
1.005500e+02
1.005000e+02
1.004500e+02
1.004000e+02
1.003500e+02
1.003000e+02
1.002500e+02
1.002000e+02
1.001500e+02
1.001000e+02
1.000500e+02
1.000000e+02
9.995000e+01
9.990000e+01
9.985000e+01
9.980000e+01
9.975000e+01
9.970000e+01
9.965000e+01
9.960000e+01
9.955000e+01
9.950000e+01
9.945000e+01
9.940000e+01
9.935000e+01
9.930000e+01
9.925000e+01
9.920000e+01
9.915000e+01
9.910000e+01
9.905000e+01
9.900000e+01
9.895000e+01
9.890000e+01
9.885000e+01
9.880000e+01
9.875000e+01
9.870000e+01
9.865000e+01
9.860000e+01
1.014000e+02
1.013500e+02
1.013000e+02
1.012500e+02
1.012000e+02
1.011500e+02
1.011000e+02
1.010500e+02
1.010000e+02
1.009500e+02
1.009000e+02
1.008500e+02
1.008000e+02
1.007500e+02
1.007000e+02
1.006500e+02
1.006000e+02
1.005500e+02
1.005000e+02
1.004500e+02
1.004000e+02
1.003500e+02
1.003000e+02
1.002500e+02
1.002000e+02
1.001500e+02
1.001000e+02
1.000500e+02
1.000000e+02
9.995000e+01
9.990000e+01
9.985000e+01
9.980000e+01
9.975000e+01
9.970000e+01
9.965000e+01
9.960000e+01
9.955000e+01
9.950000e+01
9.945000e+01
9.940000e+01
9.935000e+01
9.930000e+01
9.925000e+01
9.920000e+01
9.915000e+01
9.910000e+01
9.905000e+01
9.900000e+01
9.895000e+01
9.890000e+01
9.885000e+01
9.880000e+01
9.875000e+01
9.870000e+01
9.865000e+01
9.860000e+01
1.014000e+02
1.013500e+02
1.013000e+02
1.012500e+02
1.012000e+02
1.011500e+02
1.011000e+02
1.010500e+02
1.010000e+02
1.009500e+02
1.009000e+02
1.008500e+02
1.008000e+02
1.007500e+02
1.007000e+02
1.006500e+02
1.006000e+02
1.005500e+02
1.005000e+02
1.004500e+02
1.004000e+02
1.003500e+02
1.003000e+02
1.002500e+02
1.002000e+02
1.001500e+02
1.001000e+02
1.000500e+02
1.000000e+02
9.995000e+01
9.990000e+01
9.985000e+01
9.980000e+01
9.975000e+01
9.970000e+01
9.965000e+01
9.960000e+01
9.955000e+01
9.950000e+01
9.945000e+01
9.940000e+01
9.935000e+01
9.930000e+01
9.925000e+01
9.920000e+01
9.915000e+01
9.910000e+01
9.905000e+01
9.900000e+01
9.895000e+01
9.890000e+01
9.885000e+01
9.880000e+01
9.875000e+01
9.870000e+01
9.865000e+01
9.860000e+01
1.014000e+02
1.013500e+02
1.013000e+02
1.012500e+02
1.012000e+02
1.011500e+02
1.011000e+02
1.010500e+02
1.010000e+02
1.009500e+02
1.009000e+02
1.008500e+02
1.008000e+02
1.007500e+02
1.007000e+02
1.006500e+02
1.006000e+02
1.005500e+02
1.005000e+02
1.004500e+02
1.004000e+02
1.003500e+02
1.003000e+02
1.002500e+02
1.002000e+02
1.001500e+02
1.001000e+02
1.000500e+02
1.000000e+02
9.995000e+01
9.990000e+01
9.985000e+01
9.980000e+01
9.975000e+01
9.970000e+01
9.965000e+01
9.960000e+01
9.955000e+01
9.950000e+01
9.945000e+01
9.940000e+01
9.935000e+01
9.930000e+01
9.925000e+01
9.920000e+01
9.915000e+01
9.910000e+01
9.905000e+01
9.900000e+01
9.895000e+01
9.890000e+01
9.885000e+01
9.880000e+01
9.875000e+01
9.870000e+01
9.865000e+01
9.860000e+01
1.014000e+02
1.013500e+02
1.013000e+02
1.012500e+02
1.012000e+02
1.011500e+02
1.011000e+02
1.010500e+02
1.010000e+02
1.009500e+02
1.009000e+02
1.008500e+02
1.008000e+02
1.007500e+02
1.007000e+02
1.006500e+02
1.006000e+02
1.005500e+02
1.005000e+02
1.004500e+02
1.004000e+02
1.003500e+02
1.003000e+02
1.002500e+02
1.002000e+02
1.001500e+02
1.001000e+02
1.000500e+02
1.000000e+02
9.995000e+01
9.990000e+01
9.985000e+01
9.980000e+01
9.975000e+01
9.970000e+01
9.965000e+01
9.960000e+01
9.955000e+01
9.950000e+01
9.945000e+01
9.940000e+01
9.935000e+01
9.930000e+01
9.925000e+01
9.920000e+01
9.915000e+01
9.910000e+01
9.905000e+01
9.900000e+01
9.895000e+01
9.890000e+01
9.885000e+01
9.880000e+01
9.875000e+01
9.870000e+01
9.865000e+01
9.860000e+01
1.014000e+02
1.013500e+02
1.013000e+02
1.012500e+02
1.012000e+02
1.011500e+02
1.011000e+02
1.010500e+02
1.010000e+02
1.009500e+02
1.009000e+02
1.008500e+02
1.008000e+02
1.007500e+02
1.007000e+02
1.006500e+02
1.006000e+02
1.005500e+02
1.005000e+02
1.004500e+02
1.004000e+02
1.003500e+02
1.003000e+02
1.002500e+02
1.002000e+02
1.001500e+02
1.001000e+02
1.000500e+02
1.000000e+02
9.995000e+01
9.990000e+01
9.985000e+01
9.980000e+01
9.975000e+01
9.970000e+01
9.965000e+01
9.960000e+01
9.955000e+01
9.950000e+01
9.945000e+01
9.940000e+01
9.935000e+01
9.930000e+01
9.925000e+01
9.920000e+01
9.915000e+01
9.910000e+01
9.905000e+01
9.900000e+01
9.895000e+01
9.890000e+01
9.885000e+01
9.880000e+01
9.875000e+01
9.870000e+01
9.865000e+01
9.860000e+01
1.014000e+02
1.013500e+02
1.013000e+02
1.012500e+02
1.012000e+02
1.011500e+02
1.011000e+02
1.010500e+02
1.010000e+02
1.009500e+02
1.009000e+02
1.008500e+02
1.008000e+02
1.007500e+02
1.007000e+02
1.006500e+02
1.006000e+02
1.005500e+02
1.005000e+02
1.004500e+02
1.004000e+02
1.003500e+02
1.003000e+02
1.002500e+02
1.002000e+02
1.001500e+02
1.001000e+02
1.000500e+02
1.000000e+02
9.995000e+01
9.990000e+01
9.985000e+01
9.980000e+01
9.975000e+01
9.970000e+01
9.965000e+01
9.960000e+01
9.955000e+01
9.950000e+01
9.945000e+01
9.940000e+01
9.935000e+01
9.930000e+01
9.925000e+01
9.920000e+01
9.915000e+01
9.910000e+01
9.905000e+01
9.900000e+01
9.895000e+01
9.890000e+01
9.885000e+01
9.880000e+01
9.875000e+01
9.870000e+01
9.865000e+01
9.860000e+01
1.014000e+02
1.013500e+02
1.013000e+02
1.012500e+02
1.012000e+02
1.011500e+02
1.011000e+02
1.010500e+02
1.010000e+02
1.009500e+02
1.009000e+02
1.008500e+02
1.008000e+02
1.007500e+02
1.007000e+02
1.006500e+02
1.006000e+02
1.005500e+02
1.005000e+02
1.004500e+02
1.004000e+02
1.003500e+02
1.003000e+02
1.002500e+02
1.002000e+02
1.001500e+02
1.001000e+02
1.000500e+02
1.000000e+02
9.995000e+01
9.990000e+01
9.985000e+01
9.980000e+01
9.975000e+01
9.970000e+01
9.965000e+01
9.960000e+01
9.955000e+01
9.950000e+01
9.945000e+01
9.940000e+01
9.935000e+01
9.930000e+01
9.925000e+01
9.920000e+01
9.915000e+01
9.910000e+01
9.905000e+01
9.900000e+01
9.895000e+01
9.890000e+01
9.885000e+01
9.880000e+01
9.875000e+01
9.870000e+01
9.865000e+01
9.860000e+01
1.014000e+02
1.013500e+02
1.013000e+02
1.012500e+02
1.012000e+02
1.011500e+02
1.011000e+02
1.010500e+02
1.010000e+02
1.009500e+02
1.009000e+02
1.008500e+02
1.008000e+02
1.007500e+02
1.007000e+02
1.006500e+02
1.006000e+02
1.005500e+02
1.005000e+02
1.004500e+02
1.004000e+02
1.003500e+02
1.003000e+02
1.002500e+02
1.002000e+02
1.001500e+02
1.001000e+02
1.000500e+02
1.000000e+02
9.995000e+01
9.990000e+01
9.985000e+01
9.980000e+01
9.975000e+01
9.970000e+01
9.965000e+01
9.960000e+01
9.955000e+01
9.950000e+01
9.945000e+01
9.940000e+01
9.935000e+01
9.930000e+01
9.925000e+01
9.920000e+01
9.915000e+01
9.910000e+01
9.905000e+01
9.900000e+01
9.895000e+01
9.890000e+01
9.885000e+01
9.880000e+01
9.875000e+01
9.870000e+01
9.865000e+01
9.860000e+01
1.014000e+02
1.013500e+02
1.013000e+02
1.012500e+02
1.012000e+02
1.011500e+02
1.011000e+02
1.010500e+02
1.010000e+02
1.009500e+02
1.009000e+02
1.008500e+02
1.008000e+02
1.007500e+02
1.007000e+02
1.006500e+02
1.006000e+02
1.005500e+02
1.005000e+02
1.004500e+02
1.004000e+02
1.003500e+02
1.003000e+02
1.002500e+02
1.002000e+02
1.001500e+02
1.001000e+02
1.000500e+02
1.000000e+02
9.995000e+01
9.990000e+01
9.985000e+01
9.980000e+01
9.975000e+01
9.970000e+01
9.965000e+01
9.960000e+01
9.955000e+01
9.950000e+01
9.945000e+01
9.940000e+01
9.935000e+01
9.930000e+01
9.925000e+01
9.920000e+01
9.915000e+01
9.910000e+01
9.905000e+01
9.900000e+01
9.895000e+01
9.890000e+01
9.885000e+01
9.880000e+01
9.875000e+01
9.870000e+01
9.865000e+01
9.860000e+01
1.014000e+02
1.013500e+02
1.013000e+02
1.012500e+02
1.012000e+02
1.011500e+02
1.011000e+02
1.010500e+02
1.010000e+02
1.009500e+02
1.009000e+02
1.008500e+02
1.008000e+02
1.007500e+02
1.007000e+02
1.006500e+02
1.006000e+02
1.005500e+02
1.005000e+02
1.004500e+02
1.004000e+02
1.003500e+02
1.003000e+02
1.002500e+02
1.002000e+02
1.001500e+02
1.001000e+02
1.000500e+02
1.000000e+02
9.995000e+01
9.990000e+01
9.985000e+01
9.980000e+01
9.975000e+01
9.970000e+01
9.965000e+01
9.960000e+01
9.955000e+01
9.950000e+01
9.945000e+01
9.940000e+01
9.935000e+01
9.930000e+01
9.925000e+01
9.920000e+01
9.915000e+01
9.910000e+01
9.905000e+01
9.900000e+01
9.895000e+01
9.890000e+01
9.885000e+01
9.880000e+01
9.875000e+01
9.870000e+01
9.865000e+01
9.860000e+01
1.014000e+02
1.013500e+02
1.013000e+02
1.012500e+02
1.012000e+02
1.011500e+02
1.011000e+02
1.010500e+02
1.010000e+02
1.009500e+02
1.009000e+02
1.008500e+02
1.008000e+02
1.007500e+02
1.007000e+02
1.006500e+02
1.006000e+02
1.005500e+02
1.005000e+02
1.004500e+02
1.004000e+02
1.003500e+02
1.003000e+02
1.002500e+02
1.002000e+02
1.001500e+02
1.001000e+02
1.000500e+02
1.000000e+02
9.995000e+01
9.990000e+01
9.985000e+01
9.980000e+01
9.975000e+01
9.970000e+01
9.965000e+01
9.960000e+01
9.955000e+01
9.950000e+01
9.945000e+01
9.940000e+01
9.935000e+01
9.930000e+01
9.925000e+01
9.920000e+01
9.915000e+01
9.910000e+01
9.905000e+01
9.900000e+01
9.895000e+01
9.890000e+01
9.885000e+01
9.880000e+01
9.875000e+01
9.870000e+01
9.865000e+01
9.860000e+01
