#energyBin lgMinEnergy lgMaxEnergy sigma1 sigma1Err sigma2 sigma2Err k
#uncertainties were not evaluated
 0 17.8 17.9   35.4632   0   18.8184   0   0.497118   0
 1 17.9 18.0   34.8542   0   17.9682   0   0.507683   0
 2 18.0 18.1   34.2129   0   17.1848   0   0.518249   0
 3 18.1 18.2   33.5425   0   16.4636   0   0.528814   0
 4 18.2 18.3   32.8468   0   15.8008   0   0.539379   0
 5 18.3 18.4   32.1306   0   15.1928   0   0.549944   0
 6 18.4 18.5   31.3994   0   14.6369   0   0.560509   0
 7 18.5 18.6   30.6597   0   14.1308   0   0.571074   0
 8 18.6 18.7   29.9196   0   13.6724   0   0.581639   0
 9 18.7 18.8   29.1881   0   13.2604   0   0.592204   0
10 18.8 18.9   28.4758   0   12.8934   0   0.602769   0
11 18.9 19.0   27.7945   0   12.5702   0   0.613334   0
12 19.0 19.1   27.1575   0   12.2899   0   0.6239     0
13 19.1 19.2   26.5787   0   12.0514   0   0.634465   0
14 19.2 19.3   26.0725   0   11.8533   0   0.64503    0
15 19.3 19.4   25.6528   0   11.6941   0   0.655595   0
16 19.4 19.5   25.3318   0   11.5719   0   0.66616    0
17 19.5 20.0   25.0365   0   11.3996   0   0.697855   0
