#energyBin lgMinEnergy lgMaxEnergy sigma1 sigma1Err sigma2 sigma2Err k
 0 17.8 17.9   1.753e+01   7.469e-01   3.372e+01   1.437e+00   6.168e-01
 1 17.9 18.0   1.667e+01   7.135e-01   3.286e+01   1.406e+00   6.255e-01
 2 18.0 18.1   1.586e+01   6.944e-01   3.195e+01   1.398e+00   6.342e-01
 3 18.1 18.2   1.512e+01   6.890e-01   3.100e+01   1.413e+00   6.430e-01
 4 18.2 18.3   1.444e+01   6.960e-01   3.004e+01   1.448e+00   6.517e-01
 5 18.3 18.4   1.381e+01   7.144e-01   2.905e+01   1.503e+00   6.606e-01
 6 18.4 18.5   1.326e+01   7.413e-01   2.809e+01   1.570e+00   6.694e-01
 7 18.5 18.6   1.277e+01   7.750e-01   2.713e+01   1.647e+00   6.782e-01
 8 18.6 18.7   1.235e+01   8.112e-01   2.625e+01   1.724e+00   6.869e-01
 9 18.7 18.8   1.198e+01   8.484e-01   2.541e+01   1.799e+00   6.958e-01
10 18.8 18.9   1.168e+01   8.826e-01   2.466e+01   1.863e+00   7.047e-01
11 18.9 19.0   1.146e+01   9.098e-01   2.406e+01   1.910e+00   7.134e-01
12 19.0 19.1   1.128e+01   9.302e-01   2.357e+01   1.943e+00   7.223e-01
13 19.1 19.2   1.117e+01   9.425e-01   2.326e+01   1.962e+00   7.307e-01
14 19.2 19.3   1.110e+01   9.498e-01   2.308e+01   1.974e+00   7.397e-01
15 19.3 19.4   1.108e+01   9.536e-01   2.307e+01   1.985e+00   7.479e-01
16 19.4 19.5   1.109e+01   9.580e-01   2.320e+01   2.004e+00   7.573e-01
17 19.5 20.0   1.115e+01   9.713e-01   2.368e+01   2.062e+00   7.725e-01
