50001 player pl_regular
na Albert's Archaens
il	1 100000 \
	10 1000 \
	11 1000 \
	12 1000 \
	13 1000 \
	14 1000 \
	15 1000 \
	16 1000 \
	17 1000 \
	19 1000 \
	20 1000 \
	21 1000 \
	22 1000 \
	24 1000 \
	51 1000 \
	52 1000 \
	53 1000 \
	54 1000 \
	55 1000 \
	59 1000 \
	60 1000 \
	61 1000 \
	62 1000 \
	63 1000 \
	64 1000 \
	65 1000 \
	66 1000 \
	67 1000 \
	68 1000 \
	69 1000 \
	70 1000 \
	71 1000 \
	72 1000 \
	73 1000 \
	74 1000 \
	75 1000 \
	76 1000 \
	77 1000 \
	78 1000 \
	79 1000 \
	80 1000 \
	82 1000 \
	83 1000 \
	84 1000 \
	85 1000 \
	87 1000 \
	93 1000 \
	94 1000 \
	95 1000 \
	98 1000 \
	99 1000 \
	102 1000 \
	261 1000 \
	31 1000 \
	32 1000 \
	33 1000 \
	34 1000 \
	81 1000 \
	271 1000 \
	272 1000 \
	278 1000 \
	279 1000 \
	280 1000 \
	281 1000 \
	282 1000 \
	283 1000 \
	284 1000 \
	285 1000 \
	286 1000 \
	287 1000 \
	288 1000 \
	289 1000 \
	291 1000 \
	292 1000 \
	293 1000 \
	295 1000 \
	290 1000
CH
PL
 fn Someone
 em a@example.com
 pw xxxxxxxx
 np 20
 fs 32767
 ft 1
 lt 1
 kn	51 52 53 54 55 59 60 \
	61 62 63 64 65 66 67 \
	68 69 70 71 72 73 74 \
	75 76 77 78 79 80 82 \
	83 84 85 87 93 94 95 \
	98 99 102 261 31 32 33 \
	34 81 271 272 278 279 280 \
	281 282 283 284 285 286 287 \
	288 289 291 292 293 295 290 \
	600 601 602 603 610 611 612 \
	613 614 615 616 617 630 631 \
	632 633 634 635 636 637 638 \
	639 650 651 652 653 654 655 \
	656 657 658 659 661 670 671 \
	672 673 674 675 676 680 681 \
	682 690 691 692 693 694 695 \
	696 697 700 701 702 703 704 \
	705 706 707 720 721 722 723 \
	730 731 732 733 750 751 752 \
	753 754 755 756 800 801 802 \
	803 804 805 806 807 808 809 \
	811 812 813 814 820 821 822 \
	823 824 825 826 827 828 829 \
	831 832 833 840 841 842 843 \
	844 845 846 847 848 849 851 \
	852 860 861 862 863 864 865 \
	866 867 868 869 871 872 880 \
	881 882 883 884 885 886 887 \
	888 891 892 893 894 900 901 \
	902 903 904 905 906 907 908 \
	909 911 920 921 922
 un 1100 1101 1102 1103 1104 1105 
 uf 1200 1201 1202 1203 1204
CO

1100 char 0
na Anagram
LI
CH
 lo 50001
 he 100
 lk 2
 lr 2
 sl	600 2 21 0 0 \
	601 2 14 0 0 \
	602 2 14 0 0 \
	603 2 14 0 0 \
	610 2 21 0 0 \
	611 2 28 0 0 \
	612 2 28 0 0 \
	613 2 14 0 0 \
	614 2 14 0 0 \
	615 2 21 0 0 \
	616 2 14 0 0 \
	617 2 14 0 0 \
	630 2 28 0 0 \
	631 2 14 0 0 \
	632 2 14 0 0 \
	633 2 14 0 0 \
	634 2 14 0 0 \
	635 2 28 0 0 \
	636 2 14 0 0 \
	637 2 21 0 0 \
	638 2 28 0 0 \
	639 2 21 0 0 \
	650 2 28 0 0 \
	651 2 21 0 0 \
	652 2 28 0 0 \
	653 2 28 0 0 \
	654 2 28 0 0 \
	655 2 14 0 0 \
	656 2 14 0 0 \
	657 2 21 0 0 \
	658 2 21 0 0 \
	659 2 21 0 0 \
	661 2 21 0 0 \
	670 2 28 0 0 \
	671 2 14 0 0 \
	672 2 21 0 0 \
	673 2 14 0 0 \
	674 2 21 0 0 \
	675 2 21 0 0 \
	676 2 14 0 0 \
	680 2 21 0 0 \
	681 2 14 0 0 \
	682 2 14 0 0 \
	690 2 28 0 0 \
	691 2 21 0 0 \
	692 2 21 0 0 \
	693 2 21 0 0 \
	694 2 21 0 0 \
	695 2 14 0 0 \
	696 2 21 0 0 \
	697 2 28 0 0 \
	700 2 21 0 0 \
	701 2 14 0 0 \
	702 2 14 0 0 \
	703 2 14 0 0 \
	704 2 14 0 0 \
	705 2 14 0 0 \
	706 2 14 0 0 \
	707 2 14 0 0 \
	720 2 21 0 0 \
	721 2 14 0 0 \
	722 2 14 0 0 \
	723 2 14 0 0 \
	730 2 21 0 0 \
	731 2 14 0 0 \
	732 2 14 0 0 \
	733 2 14 0 0 \
	750 2 35 0 0 \
	751 2 28 0 0 \
	752 2 28 0 0 \
	753 2 21 0 0 \
	754 2 28 0 0 \
	755 2 28 0 0 \
	756 2 28 0 0 \
	800 2 28 0 0 \
	801 2 14 0 0 \
	802 2 14 0 0 \
	803 2 14 0 0 \
	804 2 21 0 0 \
	805 2 21 8 0 \
	806 2 21 0 0 \
	807 2 14 0 0 \
	808 2 21 0 0 \
	809 2 21 0 0 \
	811 2 21 0 0 \
	812 2 21 0 0 \
	813 2 21 0 0 \
	814 2 21 0 0 \
	820 2 35 0 0 \
	821 2 21 0 0 \
	822 2 21 0 0 \
	823 2 21 0 0 \
	824 2 21 0 0 \
	825 2 21 0 0 \
	826 2 21 0 0 \
	827 2 21 0 0 \
	828 2 21 0 0 \
	829 2 21 0 0 \
	831 2 28 0 0 \
	832 2 21 0 0 \
	833 2 21 0 0 \
	840 2 35 0 0 \
	841 2 21 0 0 \
	842 2 21 0 0 \
	843 2 14 0 0 \
	844 2 21 0 0 \
	845 2 21 0 0 \
	846 2 21 0 0 \
	847 2 21 0 0 \
	848 2 21 0 0 \
	849 2 21 0 0 \
	851 2 21 0 0 \
	852 2 21 0 0 \
	860 2 35 0 0 \
	861 2 14 0 0 \
	862 2 14 0 0 \
	863 2 21 0 0 \
	864 2 14 0 0 \
	865 2 14 0 0 \
	866 2 14 0 0 \
	867 2 21 0 0 \
	868 2 21 0 0 \
	869 2 14 0 0 \
	871 2 14 0 0 \
	872 2 21 0 0 \
	880 2 43 0 0 \
	881 2 14 0 0 \
	882 2 21 0 0 \
	883 2 21 0 0 \
	884 2 21 0 0 \
	885 2 21 0 0 \
	886 2 14 0 0 \
	887 2 14 0 0 \
	888 2 21 0 0 \
	891 2 28 0 0 \
	892 2 14 0 0 \
	893 2 21 0 0 \
	894 2 21 0 0 \
	900 2 42 0 0 \
	901 2 21 0 0 \
	902 2 21 0 0 \
	903 2 21 1 0 \
	904 2 21 0 0 \
	905 2 21 0 0 \
	906 2 21 0 0 \
	907 2 28 0 0 \
	908 2 21 0 0 \
	909 2 21 0 0 \
	911 2 28 0 0 \
	920 2 42 0 0 \
	921 2 28 0 0 \
	922 2 28 0 0
 at 80
 df 131
 mi 128
CO

1101 char 0
na A1
LI
CH
 lo 50001
 he 100
 lk 2
 lr 1
 sl	610 2 21 0 0 \
	611 2 28 0 0 \
	612 2 28 0 0
 at 80
 df 80
CO

1102 char 0
na A2
LI
CH
 lo 50001
 he 100
 lk 2
 lr 2
 sl	610 2 21 0 0 \
	611 2 28 0 0 \
	612 2 28 0 0
 at 80
 df 80
CO

1103 char 0
na A Priest
LI
CH
 lo 50001
 he 100
 lk 2
 lr 2
 sl	610 2 21 0 0 \
	611 2 28 0 0 \
	612 2 28 0 0 \
	750 2 35 0 0 \
	751 2 28 0 0 \
	752 2 28 0 0 \
	753 2 21 0 0 \
	754 2 28 0 0 \
	755 2 28 0 0 \
	756 2 28 0 0
 at 80
 df 80
CO

1104 char 0
na An Alchemist
LI
CH
 lo 50001
 he 100
 lk 2
 lr 2
 sl	610 2 21 0 0 \
	611 2 28 0 0 \
	612 2 28 0 0 \
	690 2 28 0 0 \
	691 2 21 0 0 \
	692 2 21 0 0 \
	693 2 21 0 0 \
	694 2 21 0 0 \
	695 2 14 0 0 \
	696 2 21 0 0 \
	697 2 28 0 0
 at 80
 df 80
CO

1105 char 0
na A Jack of all trades
LI
CH
 lo 50001
 he 100
 lk 2
 lr 2
 sl	600 2 21 0 0 \
	601 2 14 0 0 \
	602 2 14 0 0 \
	603 2 14 0 0 \
	610 2 21 0 0 \
	611 2 28 0 0 \
	612 2 28 0 0 \
	613 2 14 0 0 \
	614 2 14 0 0 \
	615 2 21 0 0 \
	616 2 14 0 0 \
	617 2 14 0 0 \
	630 2 28 0 0 \
	631 2 14 0 0 \
	632 2 14 0 0 \
	633 2 14 0 0 \
	634 2 14 0 0 \
	635 2 28 0 0 \
	636 2 14 0 0 \
	637 2 21 0 0 \
	638 2 28 0 0 \
	639 2 21 0 0 \
	650 2 28 0 0 \
	651 2 21 0 0 \
	652 2 28 0 0 \
	653 2 28 0 0 \
	654 2 28 0 0 \
	655 2 14 0 0 \
	656 2 14 0 0 \
	657 2 21 0 0 \
	658 2 21 0 0 \
	659 2 21 0 0 \
	661 2 21 0 0 \
	670 2 28 0 0 \
	671 2 14 0 0 \
	672 2 21 0 0 \
	673 2 14 0 0 \
	674 2 21 0 0 \
	675 2 21 0 0 \
	676 2 14 0 0 \
	680 2 21 0 0 \
	681 2 14 0 0 \
	682 2 14 0 0 \
	690 2 28 0 0 \
	691 2 21 0 0 \
	692 2 21 0 0 \
	693 2 21 0 0 \
	694 2 21 0 0 \
	695 2 14 0 0 \
	696 2 21 0 0 \
	697 2 28 0 0 \
	700 2 21 0 0 \
	701 2 14 0 0 \
	702 2 14 0 0 \
	703 2 14 0 0 \
	704 2 14 0 0 \
	705 2 14 0 0 \
	706 2 14 0 0 \
	707 2 14 0 0 \
	720 2 21 0 0 \
	721 2 14 0 0 \
	722 2 14 0 0 \
	723 2 14 0 0 \
	730 2 21 0 0 \
	731 2 14 0 0 \
	732 2 14 0 0 \
	733 2 14 0 0
 at 80
 df 80
CO

