55131 player pl_regular
na Troublesome Topiary
il	1 1195
CH
PL
 fn Someone
 em p@example.com
 pw xxxxxxxx
 np 20
 fs 32767
 ft 1
 lt 1
 kn 69 
 un 4100
 uf 4200 4201 4202 4203 4204
CO

4100 char 0
na Tout
LI
CH
 lo 55131
 he 100
 lk 2
 lr 2
 sl	600 2 21 0 0 \
	601 2 14 0 0 \
	602 2 14 0 0 \
	603 2 14 0 0 \
	610 2 21 0 0 \
	611 2 28 0 0 \
	612 2 28 0 0 \
	613 2 14 0 0 \
	614 2 14 0 0 \
	615 2 21 0 0 \
	616 2 14 0 0 \
	617 2 14 0 0 \
	630 2 28 0 0 \
	631 2 14 0 0 \
	632 2 14 0 0 \
	633 2 14 0 0 \
	634 2 14 0 0 \
	635 2 28 0 0 \
	636 2 14 0 0 \
	637 2 21 0 0 \
	638 2 28 0 0 \
	639 2 21 0 0 \
	650 2 28 0 0 \
	651 2 21 0 0 \
	652 2 28 0 0 \
	653 2 28 0 0 \
	654 2 28 0 0 \
	655 2 14 0 0 \
	656 2 14 0 0 \
	657 2 21 0 0 \
	658 2 21 0 0 \
	659 2 21 0 0 \
	661 2 21 0 0 \
	670 2 28 0 0 \
	671 2 14 0 0 \
	672 2 21 0 0 \
	673 2 14 0 0 \
	674 2 21 0 0 \
	675 2 21 0 0 \
	676 2 14 0 0 \
	680 2 21 0 0 \
	681 2 14 0 0 \
	682 2 14 0 0 \
	690 2 28 0 0 \
	691 2 21 0 0 \
	692 2 21 0 0 \
	693 2 21 0 0 \
	694 2 21 0 0 \
	695 2 14 0 0 \
	696 2 21 0 0 \
	697 2 28 0 0 \
	800 2 28 0 0 \
	801 2 14 0 0 \
	802 2 14 0 0 \
	803 2 14 0 0 \
	804 2 21 0 0 \
	805 2 21 8 0 \
	806 2 21 0 0 \
	807 2 14 0 0 \
	808 2 21 0 0 \
	809 2 21 0 0 \
	811 2 21 0 0 \
	812 2 21 0 0 \
	813 2 21 0 0 \
	814 2 21 0 0 \
	820 2 35 0 0 \
	821 2 21 0 0 \
	822 2 21 0 0 \
	823 2 21 0 0 \
	824 2 21 0 0 \
	825 2 21 0 0 \
	826 2 21 0 0 \
	827 2 21 0 0 \
	828 2 21 0 0 \
	829 2 21 0 0 \
	831 2 28 0 0 \
	832 2 21 0 0 \
	833 2 21 0 0 \
	840 2 35 0 0 \
	841 2 21 0 0 \
	842 2 21 0 0 \
	843 2 14 0 0 \
	844 2 21 0 0 \
	845 2 21 0 0 \
	846 2 21 0 0 \
	847 2 21 0 0 \
	848 2 21 0 0 \
	849 2 21 0 0 \
	851 2 21 0 0 \
	852 2 21 0 0 \
	860 2 35 0 0 \
	861 2 14 0 0 \
	862 2 14 0 0 \
	863 2 21 0 0 \
	864 2 14 0 0 \
	865 2 14 0 0 \
	866 2 14 0 0 \
	867 2 21 0 0 \
	868 2 21 0 0 \
	869 2 14 0 0 \
	871 2 14 0 0 \
	872 2 21 0 0 \
	880 2 43 0 0 \
	881 2 14 0 0 \
	882 2 21 0 0 \
	883 2 21 0 0 \
	884 2 21 0 0 \
	885 2 21 0 0 \
	886 2 14 0 0 \
	887 2 14 0 0 \
	888 2 21 0 0 \
	891 2 28 0 0 \
	892 2 14 0 0 \
	893 2 21 0 0 \
	894 2 21 0 0 \
	900 2 42 0 0 \
	901 2 21 0 0 \
	902 2 21 0 0 \
	903 2 21 1 0 \
	904 2 21 0 0 \
	905 2 21 0 0 \
	906 2 21 0 0 \
	907 2 28 0 0 \
	908 2 21 0 0 \
	909 2 21 0 0 \
	911 2 28 0 0 \
	920 2 42 0 0 \
	921 2 28 0 0 \
	922 2 28 0 0
 at 80
 df 131
 mi 128
CO

