# name:     cobalt                             Feff8L (EXAFS)       0.1      
# formula:  Co
# sites:    Co1
# refer1:   Kittel, ISSP
# refer2:
# schoen:
# notes1:   metal, hexagonal close packed (hcp)
# POT  Non-SCF, core-hole, AFOLP (folp(0)= 1.150)
# Abs   Z=27 Rmt= 1.332 Rnm= 1.369 K  shell
# Pot 1 Z=27 Rmt= 1.344 Rnm= 1.383
# Gam_ch=1.436E+00 H-L exch
# Mu=-1.181E+01 kf=2.060E+00 Vint=-2.798E+01 Rs_int= 1.761
# PATH  Rmax= 5.000,  Keep_limit= 0.00, Heap_limit 0.00  Pwcrit= 2.50%
#  S02=1.000                                        Global_sig2= 0.00000
#  Curved wave amplitude ratio filter   4.000%
#     file         sig2 tot  cw amp ratio   deg  nlegs   reff  inp sig2
#           1       0.00000    100.00      6.00     2   2.4982
#           2       0.00000     99.00      6.00     2   2.5100
#           3       0.00000     45.25      6.00     2   3.5413
#           4       0.00000      5.44     12.00     3   3.7533
#           5       0.00000     11.12     24.00     3   3.7533
#           6       0.00000      5.45     12.00     3   3.7650
#           7       0.00000     10.76      2.00     2   4.0700
#           8       0.00000      7.01     24.00     3   4.2748
#           9       0.00000     10.29     24.00     3   4.2748
#          10       0.00000     10.30     24.00     3   4.2748
#          11       0.00000     54.96     12.00     2   4.3407
#          12       0.00000     27.37      6.00     2   4.3474
#          13       0.00000      5.78     12.00     3   4.5332
#          14       0.00000     11.05     24.00     3   4.6745
#          15       0.00000     12.85     24.00     3   4.6744
#          16       0.00000     12.84     24.00     3   4.6745
#          17       0.00000      5.45     12.00     3   4.6837
#          18       0.00000     12.65     24.00     3   4.6837
#          19       0.00000     42.89     12.00     2   4.7817
#          20       0.00000     11.60     12.00     3   4.8891
#          21       0.00000     24.45     24.00     3   4.8891
#          23       0.00000      4.12      6.00     4   4.9965
#          24       0.00000      4.60     12.00     4   4.9965
#    23/  24 paths used
#  xsedge+50, used to normalize mu           2.9272E-04
#  -----------------------------------------------------------------------
#  omega    e    k    mu    mu0     chi     @#
    7719.532    -11.812   0.000  6.65085E-02  4.07689E-01 -4.37353E-01
    7719.542    -11.802   0.050  7.29722E-02  4.14476E-01 -4.37488E-01
    7719.571    -11.774   0.100  7.94558E-02  4.21263E-01 -4.37598E-01
    7719.618    -11.726   0.150  9.86908E-02  4.41313E-01 -4.37812E-01
    7719.685    -11.660   0.200  1.18103E-01  4.61364E-01 -4.37800E-01
    7719.771    -11.574   0.250  1.47973E-01  4.91971E-01 -4.37384E-01
    7719.875    -11.469   0.300  1.78330E-01  5.22577E-01 -4.36353E-01
    7719.999    -11.345   0.350  2.12714E-01  5.56662E-01 -4.34144E-01
    7720.142    -11.202   0.400  2.48028E-01  5.90747E-01 -4.30786E-01
    7720.304    -11.040   0.450  2.80907E-01  6.21024E-01 -4.25300E-01
    7720.485    -10.859   0.500  3.15239E-01  6.51301E-01 -4.18064E-01
    7720.685    -10.659   0.550  3.45546E-01  6.75292E-01 -4.07736E-01
    7720.904    -10.440   0.600  3.77834E-01  6.99282E-01 -3.95098E-01
    7721.142    -10.202   0.650  4.07922E-01  7.17970E-01 -3.78532E-01
    7721.399     -9.945   0.700  4.40392E-01  7.36657E-01 -3.59299E-01
    7721.676     -9.669   0.750  4.72936E-01  7.51684E-01 -3.35620E-01
    7721.971     -9.374   0.800  5.07990E-01  7.66711E-01 -3.09280E-01
    7722.285     -9.059   0.850  5.44643E-01  7.79336E-01 -2.78443E-01
    7722.619     -8.726   0.900  5.83521E-01  7.91960E-01 -2.45447E-01
    7722.971     -8.373   0.950  6.24563E-01  8.02974E-01 -2.08473E-01
    7723.342     -8.002   1.000  6.67046E-01  8.13988E-01 -1.70392E-01
    7723.733     -7.611   1.050  7.11370E-01  8.23852E-01 -1.29433E-01
    7724.143     -7.202   1.100  7.55857E-01  8.33716E-01 -8.89110E-02
    7724.571     -6.773   1.150  8.01132E-01  8.42683E-01 -4.70925E-02
    7725.019     -6.326   1.200  8.44931E-01  8.51649E-01 -7.55762E-03
    7725.486     -5.859   1.250  8.88002E-01  8.59845E-01  3.14484E-02
    7725.971     -5.373   1.300  9.27878E-01  8.68041E-01  6.63541E-02
    7726.476     -4.868   1.350  9.65272E-01  8.75520E-01  9.88568E-02
    7727.000     -4.344   1.400  9.97965E-01  8.83000E-01  1.25781E-01
    7727.543     -3.801   1.450  1.02674E+00  8.89776E-01  1.48922E-01
    7728.105     -3.239   1.500  1.04993E+00  8.96553E-01  1.65745E-01
    7728.686     -2.658   1.550  1.06832E+00  9.02619E-01  1.78075E-01
    7729.286     -2.058   1.600  1.08111E+00  9.08684E-01  1.84276E-01
    7729.905     -1.439   1.650  1.08901E+00  9.14026E-01  1.86111E-01
    7730.543     -0.801   1.700  1.09217E+00  9.19368E-01  1.82910E-01
    7731.201     -0.144   1.750  1.09112E+00  9.23970E-01  1.76209E-01
    7731.877      0.532   1.800  1.08684E+00  9.28573E-01  1.66170E-01
    7732.572      1.228   1.850  1.07943E+00  9.32425E-01  1.53846E-01
    7733.287      1.942   1.900  1.07044E+00  9.36277E-01  1.39954E-01
    7734.020      2.676   1.950  1.05924E+00  9.39338E-01  1.24764E-01
    7734.772      3.428   2.000  1.04766E+00  9.42400E-01  1.09265E-01
    7735.544      4.200   2.050  1.03301E+00  9.44299E-01  9.19723E-02
    7736.335      4.990   2.100  1.01833E+00  9.46198E-01  7.46890E-02
    7737.144      5.800   2.150  1.00366E+00  9.48098E-01  5.74594E-02
    7737.973      6.628   2.200  9.88807E-01  9.49997E-01  4.00840E-02
    7738.821      7.476   2.250  9.67541E-01  9.50433E-01  1.76929E-02
    7739.687      8.343   2.300  9.46524E-01  9.50868E-01 -4.49876E-03
    7740.573      9.229   2.350  9.26265E-01  9.51304E-01 -2.59618E-02
    7741.478     10.134   2.400  9.07590E-01  9.51740E-01 -4.58348E-02
    7742.402     11.057   2.450  8.94467E-01  9.56108E-01 -6.38853E-02
    7743.345     12.000   2.500  8.85241E-01  9.60476E-01 -7.78413E-02
    7744.307     12.962   2.550  8.81684E-01  9.64844E-01 -8.58952E-02
    7745.288     13.944   2.600  8.85213E-01  9.69212E-01 -8.66146E-02
    7746.288     14.944   2.650  8.89458E-01  9.72046E-01 -8.49759E-02
    7747.307     15.963   2.700  9.00404E-01  9.74880E-01 -7.64653E-02
    7748.345     17.001   2.750  9.17882E-01  9.77714E-01 -6.12986E-02
    7749.403     18.058   2.800  9.40980E-01  9.80548E-01 -4.04507E-02
    7750.479     19.135   2.850  9.64175E-01  9.82012E-01 -1.82033E-02
    7751.574     20.230   2.900  9.90855E-01  9.83476E-01  7.51719E-03
    7752.689     21.344   2.950  1.01899E+00  9.84941E-01  3.46243E-02
    7753.822     22.478   3.000  1.04623E+00  9.86405E-01  6.07401E-02
    7754.975     23.630   3.050  1.07020E+00  9.87401E-01  8.39288E-02
    7756.146     24.802   3.100  1.09026E+00  9.88398E-01  1.03082E-01
    7757.337     25.993   3.150  1.10452E+00  9.89395E-01  1.16317E-01
    7758.547     27.202   3.200  1.11161E+00  9.90392E-01  1.22283E-01
    7759.775     28.431   3.250  1.11199E+00  9.90788E-01  1.22109E-01
    7761.023     29.679   3.300  1.10470E+00  9.91184E-01  1.14221E-01
    7762.290     30.946   3.350  1.09016E+00  9.91580E-01  9.90682E-02
    7763.576     32.231   3.400  1.06948E+00  9.91976E-01  7.77918E-02
    7764.881     33.536   3.450  1.04434E+00  9.92352E-01  5.21365E-02
    7766.205     34.860   3.500  1.01606E+00  9.92728E-01  2.33815E-02
    7767.548     36.203   3.550  9.86846E-01  9.93104E-01 -6.26561E-03
    7768.910     37.565   3.600  9.58733E-01  9.93480E-01 -3.47608E-02
    7770.291     38.947   3.650  9.32342E-01  9.93487E-01 -6.11140E-02
    7771.691     40.347   3.700  9.10452E-01  9.93493E-01 -8.29268E-02
    7773.110     41.766   3.750  8.93905E-01  9.93499E-01 -9.93686E-02
    7774.549     43.204   3.800  8.82804E-01  9.93505E-01 -1.10354E-01
    7776.006     44.662   3.850  8.77265E-01  9.93798E-01 -1.16085E-01
    7777.482     46.138   3.900  8.76733E-01  9.94090E-01 -1.16825E-01
    7778.978     47.633   3.950  8.79979E-01  9.94382E-01 -1.13804E-01
    7780.492     49.148   4.000  8.85692E-01  9.94675E-01 -1.08336E-01
    7782.026     50.681   4.050  8.93802E-01  9.94765E-01 -1.00295E-01
    7783.578     52.234   4.100  9.02566E-01  9.94855E-01 -9.16162E-02
    7785.150     53.805   4.150  9.11446E-01  9.94945E-01 -8.28345E-02
    7786.741     55.396   4.200  9.20444E-01  9.95035E-01 -7.39476E-02
    7788.350     57.006   4.250  9.30790E-01  9.95294E-01 -6.39096E-02
    7789.979     58.635   4.300  9.42306E-01  9.95553E-01 -5.27261E-02
    7791.627     60.282   4.350  9.55966E-01  9.95812E-01 -3.94332E-02
    7793.294     61.949   4.400  9.72699E-01  9.96071E-01 -2.31162E-02
    7794.980     63.635   4.450  9.93183E-01  9.96362E-01 -3.14290E-03
    7796.685     65.340   4.500  1.01730E+00  9.96653E-01  2.03988E-02
    7798.409     67.064   4.550  1.04451E+00  9.96944E-01  4.69740E-02
    7800.152     68.807   4.600  1.07357E+00  9.97235E-01  7.53531E-02
    7801.914     70.569   4.650  1.10221E+00  9.97352E-01  1.03491E-01
    7803.695     72.351   4.700  1.12833E+00  9.97470E-01  1.29120E-01
    7805.495     74.151   4.750  1.14949E+00  9.97588E-01  1.49848E-01
    7807.314     75.970   4.800  1.16346E+00  9.97705E-01  1.63474E-01
    7809.153     77.808   4.850  1.16808E+00  9.97762E-01  1.67973E-01
    7811.010     79.666   4.900  1.16280E+00  9.97819E-01  1.62697E-01
    7812.887     81.542   4.950  1.14766E+00  9.97875E-01  1.47706E-01
    7814.782     83.438   5.000  1.12371E+00  9.97932E-01  1.24026E-01
    7816.697     85.352   5.050  1.09227E+00  9.97800E-01  9.31612E-02
    7818.630     87.286   5.100  1.05655E+00  9.97668E-01  5.80702E-02
    7820.583     89.238   5.150  1.01940E+00  9.97536E-01  2.15709E-02
    7822.554     91.210   5.200  9.83605E-01  9.97404E-01 -1.36121E-02
    7824.545     93.201   5.250  9.51188E-01  9.97088E-01 -4.52972E-02
    7826.555     95.210   5.300  9.24218E-01  9.96772E-01 -7.16316E-02
    7828.584     97.239   5.350  9.03417E-01  9.96457E-01 -9.18952E-02
    7830.632     99.287   5.400  8.88652E-01  9.96141E-01 -1.06211E-01
    7832.698    101.354   5.450  8.79098E-01  9.95642E-01 -1.15225E-01
    7834.784    103.440   5.500  8.73538E-01  9.95143E-01 -1.20299E-01
    7836.889    105.545   5.550  8.70572E-01  9.94644E-01 -1.22812E-01
    7839.014    107.669   5.600  8.69051E-01  9.94145E-01 -1.23897E-01
    7841.157    109.812   5.650  8.68430E-01  9.93464E-01 -1.23925E-01
    7843.319    111.974   5.700  8.68692E-01  9.92783E-01 -1.23078E-01
    7845.500    114.156   5.750  8.70607E-01  9.92102E-01 -1.20588E-01
    7847.700    116.356   5.800  8.75518E-01  9.91421E-01 -1.15119E-01
    7849.920    118.575   5.850  8.85135E-01  9.90652E-01 -1.04898E-01
    7852.158    120.814   5.900  9.00942E-01  9.89883E-01 -8.84983E-02
    7854.415    123.071   5.950  9.24039E-01  9.89114E-01 -6.48096E-02
    7856.692    125.347   6.000  9.54706E-01  9.88345E-01 -3.35329E-02
    7858.987    127.643   6.050  9.92187E-01  9.87459E-01  4.71770E-03
    7861.302    129.958   6.100  1.03441E+00  9.86573E-01  4.77836E-02
    7863.636    132.291   6.150  1.07840E+00  9.85687E-01  9.26998E-02
    7865.988    134.644   6.200  1.12041E+00  9.84801E-01  1.35737E-01
    7868.360    137.016   6.250  1.15641E+00  9.83915E-01  1.72830E-01
    7870.751    139.406   6.300  1.18252E+00  9.83029E-01  2.00082E-01
    7873.160    141.816   6.350  1.19558E+00  9.82143E-01  2.14292E-01
    7875.589    144.245   6.400  1.19359E+00  9.81257E-01  2.13401E-01
    7878.037    146.693   6.450  1.17600E+00  9.80371E-01  1.96818E-01
    7880.504    149.160   6.500  1.14386E+00  9.79485E-01  1.65552E-01
    7882.990    151.646   6.550  1.09936E+00  9.78599E-01  1.21759E-01
    7885.495    154.151   6.600  1.04675E+00  9.77713E-01  6.96831E-02
    7888.019    156.675   6.650  9.90738E-01  9.76827E-01  1.40571E-02
    7890.563    159.218   6.700  9.36307E-01  9.75942E-01 -4.00956E-02
    7893.125    161.780   6.750  8.88117E-01  9.75056E-01 -8.80494E-02
    7895.706    164.362   6.800  8.49978E-01  9.74170E-01 -1.25919E-01
    7898.306    166.962   6.850  8.24441E-01  9.73284E-01 -1.51082E-01
    7900.926    169.581   6.900  8.12551E-01  9.72399E-01 -1.62434E-01
    7903.564    172.220   6.950  8.13811E-01  9.71513E-01 -1.60434E-01
    7906.222    174.877   7.000  8.26336E-01  9.70627E-01 -1.46956E-01
    7908.898    177.554   7.050  8.47341E-01  9.69787E-01 -1.24859E-01
    7911.594    180.249   7.100  8.73234E-01  9.68948E-01 -9.77165E-02
    7914.308    182.964   7.150  9.00329E-01  9.68108E-01 -6.92810E-02
    7917.042    185.698   7.200  9.25341E-01  9.67268E-01 -4.29078E-02
    7919.795    188.450   7.250  9.45811E-01  9.66428E-01 -2.11257E-02
    7922.566    191.222   7.300  9.60375E-01  9.65588E-01 -5.34879E-03
    7925.357    194.013   7.350  9.68868E-01  9.64749E-01  4.23089E-03
    7928.167    196.823   7.400  9.72233E-01  9.63909E-01  8.56076E-03
    7930.996    199.652   7.450  9.72271E-01  9.63069E-01  9.47395E-03
    7933.844    202.500   7.500  9.71258E-01  9.62229E-01  9.30725E-03
    7936.711    205.367   7.550  9.71526E-01  9.61315E-01  1.05409E-02
    7939.597    208.253   7.600  9.75001E-01  9.60400E-01  1.50937E-02
    7942.502    211.158   7.650  9.82877E-01  9.59485E-01  2.42142E-02
    7945.426    214.082   7.700  9.95344E-01  9.58571E-01  3.81186E-02
    7948.370    217.025   7.750  1.01152E+00  9.57656E-01  5.59098E-02
    7951.332    219.987   7.800  1.02955E+00  9.56741E-01  7.56814E-02
    7954.313    222.969   7.850  1.04689E+00  9.55827E-01  9.47891E-02
    7957.313    225.969   7.900  1.06068E+00  9.54912E-01  1.10249E-01
    7960.333    228.988   7.950  1.06820E+00  9.53997E-01  1.19203E-01
    7963.371    232.027   8.000  1.06729E+00  9.53083E-01  1.19375E-01
    7966.429    235.084   8.050  1.05647E+00  9.52046E-01  1.09310E-01
    7969.505    238.161   8.100  1.03591E+00  9.51009E-01  8.90044E-02
    7972.601    241.257   8.150  1.00684E+00  9.49972E-01  5.96956E-02
    7975.716    244.371   8.200  9.71571E-01  9.48935E-01  2.37975E-02
    7978.849    247.505   8.250  9.33279E-01  9.47898E-01 -1.53917E-02
    7982.002    250.658   8.300  8.95544E-01  9.46861E-01 -5.41085E-02
    7985.174    253.830   8.350  8.61911E-01  9.45825E-01 -8.86062E-02
    7988.365    257.020   8.400  8.35442E-01  9.44788E-01 -1.15629E-01
    7991.575    260.230   8.450  8.18340E-01  9.43751E-01 -1.32811E-01
    7994.804    263.459   8.500  8.11707E-01  9.42714E-01 -1.38941E-01
    7998.052    266.707   8.550  8.15341E-01  9.41652E-01 -1.34129E-01
    8001.319    269.974   8.600  8.28148E-01  9.40590E-01 -1.19552E-01
    8004.605    273.260   8.650  8.48058E-01  9.39528E-01 -9.73759E-02
    8007.910    276.566   8.700  8.72456E-01  9.38466E-01 -7.03615E-02
    8011.234    279.890   8.750  8.98553E-01  9.37404E-01 -4.14641E-02
    8014.578    283.233   8.800  9.23764E-01  9.36342E-01 -1.34414E-02
    8017.940    286.595   8.850  9.46005E-01  9.35281E-01  1.14750E-02
    8021.321    289.977   8.900  9.63900E-01  9.34219E-01  3.17980E-02
    8024.722    293.377   8.950  9.76851E-01  9.33157E-01  4.68693E-02
    8028.141    296.797   9.000  9.84987E-01  9.32095E-01  5.68075E-02
    8031.580    300.235   9.050  9.89208E-01  9.31047E-01  6.25309E-02
    8035.037    303.693   9.100  9.90348E-01  9.29999E-01  6.49487E-02
    8038.514    307.169   9.150  9.89446E-01  9.28950E-01  6.51715E-02
    8042.009    310.665   9.200  9.87394E-01  9.27902E-01  6.41554E-02
    8045.524    314.180   9.250  9.84772E-01  9.26854E-01  6.25219E-02
    8049.058    317.713   9.300  9.81763E-01  9.25806E-01  6.04663E-02
    8052.611    321.266   9.350  9.78161E-01  9.24758E-01  5.77654E-02
    8056.183    324.838   9.400  9.73468E-01  9.23710E-01  5.38781E-02
    8059.773    328.429   9.450  9.67053E-01  9.22662E-01  4.81152E-02
    8063.383    332.039   9.500  9.58336E-01  9.21614E-01  3.98436E-02
    8067.012    335.668   9.550  9.47030E-01  9.20648E-01  2.86512E-02
    8070.660    339.316   9.600  9.33139E-01  9.19683E-01  1.46274E-02
    8074.328    342.983   9.650  9.17138E-01  9.18717E-01 -1.71769E-03
    8078.014    346.669   9.700  8.99915E-01  9.17751E-01 -1.94241E-02
    8081.719    350.375   9.750  8.82686E-01  9.16786E-01 -3.71703E-02
    8085.443    354.099   9.800  8.66850E-01  9.15820E-01 -5.34294E-02
    8089.186    357.842   9.850  8.53808E-01  9.14854E-01 -6.66681E-02
    8092.949    361.604   9.900  8.44765E-01  9.13889E-01 -7.55587E-02
    8096.730    365.386   9.950  8.40565E-01  9.12923E-01 -7.91684E-02
    8100.531    369.186  10.000  8.41559E-01  9.11957E-01 -7.70958E-02
    8104.350    373.006  10.050  8.47270E-01  9.10893E-01 -6.97530E-02
    8108.189    376.844  10.100  8.57249E-01  9.09828E-01 -5.77087E-02
    8112.046    380.702  10.150  8.70438E-01  9.08764E-01 -4.21116E-02
    8115.923    384.579  10.200  8.85507E-01  9.07699E-01 -2.44113E-02
    8119.819    388.474  10.250  9.01013E-01  9.06634E-01 -6.19015E-03
    8123.734    392.389  10.300  9.15561E-01  9.05570E-01  1.10146E-02
    8127.667    396.323  10.350  9.27950E-01  9.04505E-01  2.58752E-02
    8131.620    400.276  10.400  9.37295E-01  9.03441E-01  3.74050E-02
    8135.592    404.248  10.450  9.43099E-01  9.02376E-01  4.50441E-02
    8139.583    408.239  10.500  9.45280E-01  9.01312E-01  4.86883E-02
    8143.593    412.249  10.550  9.44142E-01  9.00247E-01  4.86612E-02
    8147.622    416.278  10.600  9.40302E-01  8.99182E-01  4.56357E-02
    8151.670    420.326  10.650  9.34582E-01  8.98118E-01  4.05142E-02
    8155.737    424.393  10.700  9.27879E-01  8.97053E-01  3.42873E-02
    8159.824    428.479  10.750  9.21033E-01  8.95989E-01  2.78885E-02
    8163.929    432.584  10.800  9.14717E-01  8.94924E-01  2.20649E-02
    8168.053    436.709  10.850  9.09345E-01  8.93860E-01  1.72829E-02
    8172.196    440.852  10.900  9.05039E-01  8.92795E-01  1.36802E-02
    8176.359    445.014  10.950  9.01629E-01  8.91730E-01  1.10723E-02
    8180.540    449.196  11.000  8.98712E-01  8.90666E-01  9.01008E-03
    8184.741    453.396  11.050  8.95532E-01  8.89443E-01  6.82816E-03
    8188.960    457.616  11.100  8.91746E-01  8.88220E-01  3.95950E-03
    8193.199    461.855  11.150  8.86870E-01  8.86997E-01 -1.43002E-04
    8197.457    466.112  11.200  8.80596E-01  8.85774E-01 -5.83055E-03
    8201.733    470.389  11.250  8.72879E-01  8.84552E-01 -1.31589E-02
    8206.029    474.685  11.300  8.63991E-01  8.83329E-01 -2.18299E-02
    8210.344    479.000  11.350  8.54517E-01  8.82106E-01 -3.11865E-02
    8214.678    483.333  11.400  8.45308E-01  8.80883E-01 -4.02681E-02
    8219.031    487.686  11.450  8.37381E-01  8.79660E-01 -4.79217E-02
    8223.403    492.058  11.500  8.31779E-01  8.78437E-01 -5.29579E-02
    8227.794    496.449  11.550  8.29412E-01  8.77214E-01 -5.43297E-02
    8232.204    500.859  11.600  8.30908E-01  8.75992E-01 -5.13088E-02
    8236.633    505.288  11.650  8.36484E-01  8.74769E-01 -4.36307E-02
    8241.081    509.737  11.700  8.45870E-01  8.73546E-01 -3.15829E-02
    8245.548    514.204  11.750  8.58305E-01  8.72323E-01 -1.60187E-02
    8250.034    518.690  11.800  8.72596E-01  8.71100E-01  1.71222E-03
    8254.540    523.195  11.850  8.87253E-01  8.69877E-01  1.99103E-02
    8259.064    527.720  11.900  9.00667E-01  8.68654E-01  3.67322E-02
    8263.607    532.263  11.950  9.11320E-01  8.67432E-01  5.04279E-02
    8268.170    536.826  12.000  9.17986E-01  8.66209E-01  5.95742E-02
    8272.751    541.407  12.050  9.20103E-01  8.64969E-01  6.35268E-02
    8277.352    546.008  12.100  9.17199E-01  8.63730E-01  6.16963E-02
    8281.972    550.627  12.150  9.09607E-01  8.62490E-01  5.44445E-02
    8286.610    555.266  12.200  8.98214E-01  8.61251E-01  4.27729E-02
    8291.268    559.924  12.250  8.84327E-01  8.60011E-01  2.81782E-02
    8295.945    564.600  12.300  8.69488E-01  8.58772E-01  1.24362E-02
    8300.641    569.296  12.350  8.55250E-01  8.57532E-01 -2.65261E-03
    8305.355    574.011  12.400  8.42962E-01  8.56292E-01 -1.55147E-02
    8310.089    578.745  12.450  8.33591E-01  8.55053E-01 -2.50138E-02
    8314.842    583.498  12.500  8.27608E-01  8.53813E-01 -3.05859E-02
    8319.614    588.270  12.550  8.24959E-01  8.52574E-01 -3.22781E-02
    8324.405    593.061  12.600  8.25116E-01  8.51334E-01 -3.06890E-02
    8329.215    597.871  12.650  8.27214E-01  8.50095E-01 -2.68215E-02
    8334.045    602.700  12.700  8.30220E-01  8.48855E-01 -2.18766E-02
    8338.893    607.548  12.750  8.33133E-01  8.47616E-01 -1.70265E-02
    8343.760    612.416  12.800  8.35161E-01  8.46376E-01 -1.32044E-02
    8348.646    617.302  12.850  8.35848E-01  8.45137E-01 -1.09518E-02
    8353.552    622.207  12.900  8.35136E-01  8.43897E-01 -1.03446E-02
    8358.476    627.132  12.950  8.33345E-01  8.42658E-01 -1.10119E-02
    8363.419    632.075  13.000  8.31082E-01  8.41418E-01 -1.22400E-02
    8368.382    637.038  13.050  8.29019E-01  8.40111E-01 -1.31553E-02
    8373.364    642.019  13.100  8.27983E-01  8.38803E-01 -1.28540E-02
    8378.364    647.020  13.150  8.28527E-01  8.37496E-01 -1.06709E-02
    8383.384    652.039  13.200  8.30901E-01  8.36188E-01 -6.30127E-03
    8388.422    657.078  13.250  8.34980E-01  8.34881E-01  1.18487E-04
    8393.480    662.136  13.300  8.40278E-01  8.33573E-01  8.01511E-03
    8398.557    667.213  13.350  8.46018E-01  8.32266E-01  1.64667E-02
    8403.653    672.308  13.400  8.51269E-01  8.30958E-01  2.43579E-02
    8408.768    677.423  13.450  8.55102E-01  8.29651E-01  3.05724E-02
    8413.902    682.557  13.500  8.56759E-01  8.28344E-01  3.41881E-02
    8419.055    687.710  13.550  8.55779E-01  8.27036E-01  3.46367E-02
    8424.227    692.882  13.600  8.52077E-01  8.25729E-01  3.18019E-02
    8429.418    698.073  13.650  8.45958E-01  8.24421E-01  2.60364E-02
    8434.628    703.284  13.700  8.38060E-01  8.23114E-01  1.80978E-02
    8439.857    708.513  13.750  8.29240E-01  8.21806E-01  9.01616E-03
    8445.106    713.761  13.800  8.20432E-01  8.20499E-01 -8.15440E-05
    8450.373    719.028  13.850  8.12488E-01  8.19191E-01 -8.15607E-03
    8455.659    724.315  13.900  8.06054E-01  8.17884E-01 -1.44171E-02
    8460.965    729.620  13.950  8.01477E-01  8.16576E-01 -1.84319E-02
    8466.289    734.945  14.000  7.98777E-01  8.15269E-01 -2.01637E-02
    8471.633    740.288  14.050  7.97558E-01  8.13906E-01 -2.00220E-02
    8476.995    745.651  14.100  7.97463E-01  8.12543E-01 -1.84996E-02
    8482.377    751.032  14.150  7.97923E-01  8.11180E-01 -1.62916E-02
    8487.777    756.433  14.200  7.98391E-01  8.09817E-01 -1.40646E-02
    8493.197    761.853  14.250  7.98463E-01  8.08454E-01 -1.23201E-02
    8498.636    767.291  14.300  7.97942E-01  8.07091E-01 -1.13006E-02
    8504.094    772.749  14.350  7.96875E-01  8.05728E-01 -1.09539E-02
    8509.570    778.226  14.400  7.95519E-01  8.04365E-01 -1.09634E-02
    8515.066    783.722  14.450  7.94276E-01  8.03002E-01 -1.08339E-02
    8520.581    789.237  14.500  7.93586E-01  8.01639E-01 -1.00151E-02
    8526.115    794.771  14.550  7.93825E-01  8.00276E-01 -8.03668E-03
    8531.668    800.324  14.600  7.95204E-01  7.98912E-01 -4.62811E-03
    8537.240    805.896  14.650  7.97711E-01  7.97549E-01  2.01780E-04
    8542.832    811.487  14.700  8.01089E-01  7.96186E-01  6.14042E-03
    8548.442    817.097  14.750  8.04873E-01  7.94823E-01  1.26071E-02
    8554.071    822.727  14.800  8.08453E-01  7.93460E-01  1.88414E-02
    8559.719    828.375  14.850  8.11183E-01  7.92097E-01  2.40278E-02
    8565.387    834.042  14.900  8.12487E-01  7.90734E-01  2.74324E-02
    8571.073    839.729  14.950  8.11952E-01  7.89371E-01  2.85263E-02
    8576.778    845.434  15.000  8.09402E-01  7.88008E-01  2.70748E-02
    8582.503    851.159  15.050  8.04955E-01  7.86634E-01  2.32268E-02
    8588.247    856.902  15.100  7.98885E-01  7.85260E-01  1.73042E-02
    8594.009    862.665  15.150  7.91713E-01  7.83886E-01  9.95861E-03
    8599.791    868.446  15.200  7.84076E-01  7.82512E-01  1.99283E-03
    8605.591    874.247  15.250  7.76627E-01  7.81138E-01 -5.75986E-03
    8611.411    880.067  15.300  7.69951E-01  7.79764E-01 -1.25526E-02
    8617.250    885.906  15.350  7.64486E-01  7.78390E-01 -1.78186E-02
    8623.108    891.763  15.400  7.60480E-01  7.77017E-01 -2.12288E-02
    8628.985    897.640  15.450  7.57988E-01  7.75643E-01 -2.27050E-02
    8634.881    903.536  15.500  7.56888E-01  7.74269E-01 -2.23939E-02
    8640.796    909.451  15.550  7.56928E-01  7.72895E-01 -2.06089E-02
    8646.730    915.385  15.600  7.57790E-01  7.71521E-01 -1.77553E-02
    8652.683    921.338  15.650  7.59143E-01  7.70147E-01 -1.42545E-02
    8658.655    927.311  15.700  7.60697E-01  7.68773E-01 -1.04809E-02
    8664.646    933.302  15.750  7.62229E-01  7.67399E-01 -6.72209E-03
    8670.656    939.312  15.800  7.63595E-01  7.66025E-01 -3.16462E-03
    8676.686    945.341  15.850  7.64724E-01  7.64651E-01  9.51076E-05
    8682.734    951.390  15.900  7.65590E-01  7.63277E-01  3.02358E-03
    8688.801    957.457  15.950  7.66191E-01  7.61903E-01  5.61580E-03
    8694.888    963.544  16.000  7.66523E-01  7.60529E-01  7.86417E-03
    8700.993    969.649  16.050  7.66530E-01  7.59112E-01  9.75226E-03
    8707.118    975.774  16.100  7.66200E-01  7.57695E-01  1.12025E-02
    8713.262    981.917  16.150  7.65482E-01  7.56278E-01  1.21460E-02
    8719.424    988.080  16.200  7.64332E-01  7.54861E-01  1.25223E-02
    8725.606    994.261  16.250  7.62731E-01  7.53444E-01  1.23028E-02
    8731.807   1000.462  16.300  7.60697E-01  7.52027E-01  1.15078E-02
    8738.026   1006.682  16.350  7.58290E-01  7.50610E-01  1.02131E-02
    8744.265   1012.921  16.400  7.55604E-01  7.49193E-01  8.54247E-03
    8750.523   1019.179  16.450  7.52755E-01  7.47776E-01  6.64713E-03
    8756.800   1025.456  16.500  7.49856E-01  7.46359E-01  4.67731E-03
    8763.096   1031.752  16.550  7.46996E-01  7.44942E-01  2.75258E-03
    8769.411   1038.067  16.600  7.44224E-01  7.43525E-01  9.39458E-04
    8775.745   1044.401  16.650  7.41545E-01  7.42108E-01 -7.57480E-04
    8782.098   1050.754  16.700  7.38920E-01  7.40691E-01 -2.38751E-03
    8788.471   1057.126  16.750  7.36291E-01  7.39274E-01 -4.02947E-03
    8794.862   1063.517  16.800  7.33604E-01  7.37857E-01 -5.75631E-03
    8801.272   1069.928  16.850  7.30838E-01  7.36440E-01 -7.59698E-03
    8807.702   1076.357  16.900  7.28027E-01  7.35023E-01 -9.50519E-03
    8814.150   1082.805  16.950  7.25273E-01  7.33606E-01 -1.13443E-02
    8820.617   1089.273  17.000  7.22737E-01  7.32189E-01 -1.28938E-02
    8827.104   1095.759  17.050  7.20609E-01  7.30777E-01 -1.38986E-02
    8833.609   1102.265  17.100  7.19110E-01  7.29366E-01 -1.40454E-02
    8840.134   1108.790  17.150  7.18403E-01  7.27955E-01 -1.31069E-02
    8846.678   1115.333  17.200  7.18564E-01  7.26544E-01 -1.09706E-02
    8853.240   1121.896  17.250  7.19557E-01  7.25132E-01 -7.68119E-03
    8859.822   1128.478  17.300  7.21217E-01  7.23721E-01 -3.45723E-03
    8866.423   1135.078  17.350  7.23267E-01  7.22310E-01  1.32327E-03
    8873.043   1141.698  17.400  7.25350E-01  7.20899E-01  6.16889E-03
    8879.682   1148.337  17.450  7.27081E-01  7.19487E-01  1.05450E-02
    8886.340   1154.995  17.500  7.28107E-01  7.18076E-01  1.39567E-02
    8893.017   1161.672  17.550  7.28162E-01  7.16665E-01  1.60284E-02
    8899.713   1168.368  17.600  7.27112E-01  7.15254E-01  1.65660E-02
    8906.428   1175.083  17.650  7.24979E-01  7.13843E-01  1.55882E-02
    8913.162   1181.817  17.700  7.21929E-01  7.12431E-01  1.33210E-02
    8919.915   1188.571  17.750  7.18246E-01  7.11020E-01  1.01551E-02
    8926.687   1195.343  17.800  7.14277E-01  7.09609E-01  6.57427E-03
    8933.479   1202.134  17.850  7.10372E-01  7.08198E-01  3.06860E-03
    8940.289   1208.944  17.900  7.06821E-01  7.06786E-01  4.83377E-05
    8947.118   1215.774  17.950  7.03806E-01  7.05375E-01 -2.22366E-03
    8953.967   1222.622  18.000  7.01380E-01  7.03964E-01 -3.66846E-03
    8960.834   1229.490  18.050  6.99446E-01  7.02537E-01 -4.39743E-03
    8967.721   1236.376  18.100  6.97845E-01  7.01110E-01 -4.65465E-03
    8974.626   1243.282  18.150  6.96351E-01  6.99683E-01 -4.75975E-03
    8981.551   1250.207  18.200  6.94748E-01  6.98256E-01 -5.02210E-03
    8988.495   1257.150  18.250  6.92884E-01  6.96829E-01 -5.66002E-03
    8995.457   1264.113  18.300  6.90713E-01  6.95402E-01 -6.74053E-03
    9002.439   1271.095  18.350  6.88316E-01  6.93975E-01 -8.15320E-03
    9009.440   1278.096  18.400  6.85881E-01  6.92548E-01 -9.62464E-03
    9016.460   1285.116  18.450  6.83675E-01  6.91121E-01 -1.07717E-02
    9023.499   1292.154  18.500  6.81980E-01  6.89694E-01 -1.11834E-02
    9030.557   1299.212  18.550  6.81030E-01  6.88267E-01 -1.05146E-02
    9037.634   1306.290  18.600  6.80952E-01  6.86840E-01 -8.57283E-03
    9044.730   1313.386  18.650  6.81727E-01  6.85414E-01 -5.37850E-03
    9051.845   1320.501  18.700  6.83176E-01  6.83987E-01 -1.18565E-03
    9058.979   1327.635  18.750  6.84978E-01  6.82560E-01  3.54378E-03
    9066.133   1334.788  18.800  6.86723E-01  6.81133E-01  8.20850E-03
    9073.305   1341.960  18.850  6.87975E-01  6.79706E-01  1.21678E-02
    9080.496   1349.152  18.900  6.88352E-01  6.78279E-01  1.48542E-02
    9087.707   1356.362  18.950  6.87596E-01  6.76852E-01  1.58771E-02
    9094.936   1363.592  19.000  6.85619E-01  6.75425E-01  1.50972E-02
    9102.185   1370.840  19.050  6.82542E-01  6.74008E-01  1.26654E-02
    9109.452   1378.108  19.100  6.78618E-01  6.72592E-01  8.96406E-03
    9116.739   1385.394  19.150  6.74253E-01  6.71175E-01  4.58734E-03
    9124.044   1392.700  19.200  6.69904E-01  6.69758E-01  2.18353E-04
    9131.369   1400.025  19.250  6.66008E-01  6.68342E-01 -3.49289E-03
    9138.713   1407.368  19.300  6.62895E-01  6.66925E-01 -6.04543E-03
    9146.076   1414.731  19.350  6.60736E-01  6.65508E-01 -7.17490E-03
    9153.457   1422.113  19.400  6.59515E-01  6.64092E-01 -6.89572E-03
    9160.858   1429.514  19.450  6.59040E-01  6.62675E-01 -5.48970E-03
    9168.278   1436.934  19.500  6.58983E-01  6.61258E-01 -3.44318E-03
    9175.717   1444.373  19.550  6.58955E-01  6.59842E-01 -1.34485E-03
    9183.175   1451.831  19.600  6.58580E-01  6.58425E-01  2.35737E-04
    9190.652   1459.308  19.650  6.57576E-01  6.57008E-01  8.65317E-04
    9198.148   1466.804  19.700  6.55812E-01  6.55592E-01  3.36478E-04
    9205.664   1474.319  19.750  6.53333E-01  6.54175E-01 -1.28796E-03
    9213.198   1481.853  19.800  6.50355E-01  6.52758E-01 -3.68480E-03
    9220.751   1489.407  19.850  6.47221E-01  6.51342E-01 -6.33289E-03
    9228.324   1496.979  19.900  6.44331E-01  6.49925E-01 -8.61618E-03
    9235.915   1504.571  19.950  6.42064E-01  6.48508E-01 -9.94736E-03
    9243.525   1512.181  20.000  6.40700E-01  6.47092E-01 -9.88812E-03
