# logE  mlnA  mlnAstat  mlnAsyslo  mlnAsyshi  vlnA  vlnAstat  vlnAsyslo  vlnAsyshi
#
# logE  : average log10(E/eV) of events in energy bin
# mlnA  : mean of ln(A)
# vlnA  : variance of ln(A)
# stat  : statistical uncertainty
# syslo/hi : upper/lower systematical uncertainty from quadratic addition
#
# Ln(A) moments from long Xmax paper, received from Sergio Petera
# Model : Sibyll2.1
#
  17.85  0.75106  0.05617  0.4171  1.1815   1.3126  0.3472   0.7584  1.9561
  17.95  0.57996  0.06183  0.2496  1.0103   1.6006  0.3996   1.0248  2.2836
  18.05  0.59639  0.06479  0.2697  1.0267   1.2294  0.3625   0.6655  1.9030
  18.15  0.35986  0.07509  0.0368  0.7863   1.7587  0.4760   1.1502  2.4861
  18.25  0.28460  0.08225  0.0000  0.7034   2.0896  0.4895   1.4624  2.8418
  18.35  0.37745  0.08194  0.0545  0.7887   1.2474  0.4743   0.6740  1.9199
  18.45  0.43776  0.08556  0.1149  0.8377   0.3481  0.4372  -0.1803  0.9575
  18.55  0.57838  0.08935  0.2555  0.9671   0.6191  0.4522   0.1157  1.1815
  18.65  0.73995  0.10897  0.4136  1.1175   1.0168  0.5353   0.5339  1.5338
  18.75  0.92033  0.11300  0.5904  1.2867   0.1047  0.4451  -0.3378  0.5575
  18.85  0.90772  0.11681  0.5706  1.2594  -0.2253  0.4419  -0.6631  0.2009
  18.95  1.09307  0.12883  0.7524  1.4337   0.0853  0.5060  -0.3349  0.4757
  19.05  1.25339  0.13300  0.9055  1.5867  -0.2044  0.4310  -0.6061  0.1549
  19.14  1.44996  0.14515  1.0948  1.7760  -0.2204  0.3948  -0.6033  0.1090
  19.25  1.18874  0.20408  0.8226  1.5076   0.6440  0.8122   0.2183  0.9970
  19.34  1.65703  0.20076  1.2836  1.9722   0.3686  0.5642  -0.0097  0.6732
  19.45  1.31350  0.38282  0.9328  1.6251   1.7376  1.8767   1.2998  2.0886
  19.62  2.03278  0.20177  1.6336  2.3407  -0.5087  0.4106  -0.8497 -0.2584
