# logE  mlnA  mlnAstat  mlnAsyslo  mlnAsyshi  vlnA  vlnAstat  vlnAsyslo  vlnAsyshi
#
# logE  : average log10(E/eV) of events in energy bin
# mlnA  : mean of ln(A)
# vlnA  : variance of ln(A)
# stat  : statistical uncertainty
# syslo/hi : upper/lower systematical uncertainty from quadratic addition
#
# Ln(A) moments from long Xmax paper, received from Sergio Petera
# Model : QGSJetII-04
#
  17.85  0.74029  0.05809  0.3979  1.1832   0.6794  0.3654  -0.0059  1.4801
  17.95  0.55035  0.06398  0.2114  0.9937   0.8120  0.4109   0.0945  1.6672
  18.05  0.55448  0.06711  0.2190  0.9983   0.3974  0.3747  -0.3111  1.2494
  18.15  0.29582  0.07791  0.0000  0.7360   0.7188  0.4840  -0.0442  1.6399
  18.25  0.20435  0.08545  0.0000  0.6371   0.9394  0.4986   0.1515  1.8865
  18.35  0.28737  0.08520  0.0000  0.7127   0.1177  0.4844  -0.6260  0.9927
  18.45  0.33694  0.08906  0.0040  0.7510  -0.7775  0.4516  -1.4865  0.0386
  18.55  0.47016  0.09309  0.1368  0.8729  -0.4638  0.4655  -1.1462  0.2972
  18.65  0.62598  0.11368  0.2885  1.0174  -0.0070  0.5499  -0.6674  0.6980
  18.75  0.80142  0.11799  0.4597  1.1817  -0.8343  0.4656  -1.4556 -0.2007
  18.85  0.77513  0.12212  0.4254  1.1403  -1.2008  0.4658  -1.8303 -0.5941
  18.95  0.95678  0.13484  0.6028  1.3108  -0.8105  0.5281  -1.4155 -0.2541
  19.05  1.11220  0.13934  0.7502  1.4589  -1.0333  0.4575  -1.6182 -0.5183
  19.14  1.30670  0.15224  0.9365  1.6462  -0.9657  0.4251  -1.5256 -0.4944
  19.25  1.01929  0.21449  0.6371  1.3514  -0.2590  0.8492  -0.8891  0.2505
  19.34  1.50064  0.21117  1.1102  1.8294  -0.3057  0.6006  -0.8591  0.1246
  19.45  1.12552  0.40349  0.7269  1.4508   0.8875  1.9398   0.2457  1.3820
  19.62  1.86372  0.21282  1.4445  2.1859  -1.0571  0.4497  -1.5637 -0.7022
