# logE  mlnA  mlnAstat  mlnAsyslo  mlnAsyshi  vlnA  vlnAstat  vlnAsyslo  vlnAsyshi
#
# logE  : average log10(E/eV) of events in energy bin
# mlnA  : mean of ln(A)
# vlnA  : variance of ln(A)
# stat  : statistical uncertainty
# syslo/hi : upper/lower systematical uncertainty from quadratic addition
#
# Ln(A) moments from long Xmax paper, received from Sergio Petera
# Model : EPOS-LHC
#
  17.85  1.29526  0.05905  0.9607  1.7271  1.9803  0.3613   1.4278  2.6060
  17.95  1.11851  0.06420  0.7867  1.5517  2.1894  0.3943   1.6022  2.8707
  18.05  1.13034  0.06725  0.8011  1.5650  1.8339  0.3591   1.2542  2.5122
  18.15  0.88529  0.07725  0.5588  1.3174  2.2386  0.4549   1.6004  2.9903
  18.25  0.80295  0.08457  0.4755  1.2287  2.5009  0.4682   1.8359  3.2850
  18.35  0.89184  0.08463  0.5632  1.3114  1.7273  0.4551   1.1080  2.4406
  18.45  0.94808  0.08864  0.6182  1.3576  0.8831  0.4224   0.3000  1.5404
  18.55  1.08735  0.09295  0.7562  1.4868  1.1537  0.4386   0.5964  1.7613
  18.65  1.24942  0.11351  0.9134  1.6388  1.5520  0.5201   1.0172  2.1089
  18.75  1.43202  0.11820  1.0909  1.8114  0.7107  0.4386   0.2187  1.1977
  18.85  1.41498  0.12254  1.0651  1.7803  0.3718  0.4380  -0.1261  0.8387
  18.95  1.60481  0.13559  1.2498  1.9601  0.6901  0.5017   0.2172  1.1115
  19.05  1.76966  0.14054  1.4056  2.1187  0.4221  0.4344  -0.0275  0.8046
  19.14  1.97399  0.15388  1.6008  2.3168  0.4189  0.4047  -0.0021  0.7602
  19.25  1.69606  0.21625  1.3101  2.0322  1.2060  0.8112   0.7103  1.5957
  19.34  2.18969  0.21377  1.7943  2.5236  0.9909  0.5747   0.5803  1.2992
  19.45  1.82291  0.40777  1.4184  2.1539  2.2881  1.8725   1.7779  2.6733
  19.62  2.58886  0.21743  2.1614  2.9189  0.1082  0.4464  -0.2421  0.3405
