                                                        Feff 6L.02  potph 4.12
 Abs   Z=26 Rmt= 1.208 Rnm= 1.414 K shell
 Pot 1 Z=26 Rmt= 1.211 Rnm= 1.423
 Pot 2 Z= 8 Rmt= 0.945 Rnm= 1.109
 Gam_ch=1.325E+00 H-L exch
 Mu=-4.148E+00 kf=2.063E+00 Vint=-2.036E+01 Rs_int= 1.758
 Path    3      icalc       2                           Feff 6L.02  genfmt 1.44 
 -------------------------------------------------------------------------------
   3  24.000   3.6795    2.3873   -4.14823 nleg, deg, reff, rnrmav(bohr), edge
        x         y         z   pot at#
     0.0000    0.0000    0.0000  0  26 Fe       absorbing atom
     0.0000    0.0000    2.1554  2   8 O     
    -2.1554    0.0000    0.0000  2   8 O     
    k   real[2*phc]   mag[feff]  phase[feff] red factor   lambda      real[p]@#
  0.000  2.9467E+00  0.0000E+00 -2.0865E+00  0.1009E+01  2.3731E+01  2.0633E+00
  0.200  2.9446E+00  2.1965E-02 -3.4962E+00  0.1009E+01  2.3834E+01  2.0726E+00
  0.400  2.9385E+00  4.2282E-02 -4.7831E+00  0.1009E+01  2.4100E+01  2.1001E+00
  0.600  2.9281E+00  5.9685E-02 -5.9509E+00  0.1010E+01  2.4404E+01  2.1453E+00
  0.800  2.9132E+00  7.3499E-02 -7.0046E+00  0.1011E+01  2.4558E+01  2.2071E+00
  1.000  2.8936E+00  8.3622E-02 -7.9499E+00  0.1012E+01  2.4369E+01  2.2846E+00
  1.200  2.8684E+00  9.0361E-02 -8.7920E+00  0.1014E+01  2.3706E+01  2.3767E+00
  1.400  2.8366E+00  9.4216E-02 -9.5349E+00  0.1018E+01  2.2570E+01  2.4825E+00
  1.600  2.7966E+00  9.5705E-02 -1.0182E+01  0.1023E+01  2.1103E+01  2.6014E+00
  1.800  2.7464E+00  9.5243E-02 -1.0735E+01  0.1030E+01  1.9522E+01  2.7331E+00
  2.000  2.6835E+00  9.3067E-02 -1.1196E+01  0.1037E+01  1.8054E+01  2.8774E+00
  2.200  2.6050E+00  8.9217E-02 -1.1566E+01  0.1044E+01  1.6883E+01  3.0344E+00
  2.400  2.5204E+00  8.3588E-02 -1.1848E+01  0.1051E+01  1.6151E+01  3.2045E+00
  2.600  2.3697E+00  8.5705E-02 -1.2037E+01  0.1150E+01  9.5764E+00  3.4054E+00
  2.800  2.3652E+00  9.5937E-02 -1.2448E+01  0.1221E+01  7.1997E+00  3.5349E+00
  3.000  2.3550E+00  9.8134E-02 -1.2780E+01  0.1251E+01  6.3361E+00  3.6719E+00
  3.200  2.3159E+00  9.4527E-02 -1.3093E+01  0.1259E+01  5.9514E+00  3.8155E+00
  3.400  2.2628E+00  8.8149E-02 -1.3353E+01  0.1254E+01  5.7870E+00  3.9653E+00
  3.600  2.1993E+00  7.9228E-02 -1.3603E+01  0.1242E+01  5.7459E+00  4.1205E+00
  3.800  2.1260E+00  6.9808E-02 -1.3819E+01  0.1228E+01  5.7830E+00  4.2806E+00
  4.000  2.0461E+00  6.0245E-02 -1.4036E+01  0.1208E+01  5.8744E+00  4.4450E+00
  4.200  1.9534E+00  5.1120E-02 -1.4229E+01  0.1191E+01  6.0059E+00  4.6132E+00
  4.400  1.8642E+00  4.2861E-02 -1.4429E+01  0.1173E+01  6.1687E+00  4.7847E+00
  4.600  1.7723E+00  3.5497E-02 -1.4611E+01  0.1155E+01  6.3567E+00  4.9591E+00
  4.800  1.6787E+00  2.9179E-02 -1.4789E+01  0.1140E+01  6.5658E+00  5.1361E+00
  5.000  1.5807E+00  2.3857E-02 -1.4964E+01  0.1123E+01  6.7929E+00  5.3153E+00
  5.200  1.4861E+00  1.9413E-02 -1.5136E+01  0.1108E+01  7.0360E+00  5.4965E+00
  5.400  1.3925E+00  1.5782E-02 -1.5296E+01  0.1095E+01  7.2931E+00  5.6795E+00
  5.600  1.2981E+00  1.2801E-02 -1.5456E+01  0.1082E+01  7.5631E+00  5.8641E+00
  5.800  1.2066E+00  1.0414E-02 -1.5604E+01  0.1070E+01  7.8447E+00  6.0500E+00
  6.000  1.1166E+00  8.5168E-03 -1.5742E+01  0.1059E+01  8.1372E+00  6.2371E+00
  6.500  8.9666E-01  5.3982E-03 -1.6018E+01  0.1035E+01  8.9116E+00  6.7093E+00
  7.000  6.8499E-01  3.7008E-03 -1.6229E+01  0.1016E+01  9.7413E+00  7.1867E+00
  7.500  4.8178E-01  2.6798E-03 -1.6443E+01  0.1002E+01  1.0621E+01  7.6680E+00
  8.000  2.8727E-01  1.9695E-03 -1.6705E+01  0.9887E+00  1.1546E+01  8.1524E+00
  8.500  1.0035E-01  1.4346E-03 -1.7019E+01  0.9753E+00  1.2513E+01  8.6392E+00
  9.000 -8.4951E-02  1.0380E-03 -1.7351E+01  0.9612E+00  1.3521E+01  9.1279E+00
  9.500 -2.6371E-01  7.4290E-04 -1.7648E+01  0.9493E+00  1.4567E+01  9.6181E+00
 10.000 -4.3406E-01  5.2323E-04 -1.7851E+01  0.9399E+00  1.5650E+01  1.0110E+01
 11.000 -7.5782E-01  2.8698E-04 -1.7970E+01  0.9276E+00  1.7920E+01  1.1096E+01
 12.000 -1.0546E+00  2.0312E-04 -1.8281E+01  0.9203E+00  2.0323E+01  1.2085E+01
 13.000 -1.3258E+00  1.4327E-04 -1.8860E+01  0.9157E+00  2.2851E+01  1.3076E+01
 14.000 -1.5773E+00  7.8095E-05 -1.9171E+01  0.9136E+00  2.5500E+01  1.4069E+01
 15.000 -1.8086E+00  4.5430E-05 -1.8999E+01  0.9123E+00  2.8263E+01  1.5062E+01
 16.000 -2.0220E+00  4.3463E-05 -1.9379E+01  0.9117E+00  3.1136E+01  1.6057E+01
 17.000 -2.2221E+00  3.6686E-05 -1.9969E+01  0.9119E+00  3.4116E+01  1.7053E+01
 18.000 -2.4062E+00  1.3785E-05 -2.0046E+01  0.9118E+00  3.7198E+01  1.8049E+01
 19.000 -2.5777E+00  1.1775E-05 -1.9169E+01  0.9117E+00  4.0380E+01  1.9046E+01
 20.000 -2.7411E+00  1.7048E-05 -1.9645E+01  0.9114E+00  4.3659E+01  2.0043E+01
